<program>
<info>
{
  "title": "Practical: Item Collecting 1",
  "kernel": "default",
  "cartridge_type": "classic|colored",
  "sram_type": "0",
  "has_rtc": false,
  "description": "",
  "author": "Tony",
  "genre": "Example",
  "version": "1.5.0",
  "url": "",
  "icon": "iVBORw0KGgoAAAANSUhEUgAAACAAAAAgCAYAAABzenr0AAABvUlEQVR4XmN88OPCfwYoWHFiAQM9QIRFAtwaFmTLkSVo6RCQR2F2gR2ALECKxRoKAViV33iwASyOTx5mJwslljeswO4AmMUwh6C7EiQPkgPZzUKNoF6z4hleY5DTFno0MzEMMKBKCIRESDE0RGzA6RV0X4OCHxQNoChkoXYAwNIFuoNwRQPVo4BQekD3MAu9kgByiEQ8QBREVA+BKxtOkeQnqoUArjIB5hpcZQJFDiAl/+MKlqFbDsDyMi6fESNPcVGMK14JxTuyo+FpgFDNRqvsCnYArHbCZgk+OWo4CiMXhBS0wc1dM6GK5uUUSdkQPZpwJTSYOL6GCUwOwwHovka2BD3RwWo09GCCRRvMwdgKKby1Ib5ogNVqyFUsMRUQLjVERwHM99garqD2AHIoXIE2DZBDD6QGmyOwOgClQpmAGsDoIYBsKLpD0KMG2VyqtglJySro6YjkyghWr8PqdGRfhUQEEHQLeosZqwPQXYnPVELVMLJeZLUYuQA55WOzEL3bBuPjSt3I6vHlkoGvjsHZagUD3mY1tsIIvbBBDjV09dgqOlB0gOyG947p1TOGORRWnjChCzDQASAXZgC/kuJ/1r4yqgAAAABJRU5ErkJggg==",
  "run_on_open": false,
  "case_insensitive": true,
  "strict_on": true,
  "super_features": {
    "enabled": false,
    "border_frame_type": 0,
    "border_frame": "",
    "colors": {
      "data": [
        4291885280,
        4285579400,
        4283852852,
        4280293384,
        4285579400,
        4283089852,
        4280293384,
        4291885280,
        4292646749,
        4283004220,
        4279839263,
        4292646749,
        4283004220,
        4279839263
      ],
      "customized": false
    }
  },
  "created": 1696413941,
  "modified": 1766644543,
  "order": 200,
  "preference": {
    "font_size": [
      -1,
      13
    ],
    "font_offset": -1,
    "font_is_two_bits_per_pixel": false,
    "font_prefer_full_word": true,
    "font_prefer_full_word_for_non_ascii": false,
    "preview_anchor_point": true,
    "preview_palette_bits": true,
    "use_byte_matrix": false,
    "show_grids": true,
    "code_page_for_binded_routine": 0,
    "code_line_for_binded_routine": 0,
    "map_ref": 0,
    "music_preview_stroke": true,
    "sfx_show_sound_shape": true,
    "actor_apply_properties_to_all_tiles": false,
    "actor_apply_properties_to_all_frames": true,
    "actor_uses_8x16_sprites": true,
    "scene_ref_map": 0,
    "scene_show_actors": true,
    "scene_show_triggers": true,
    "scene_show_properties": true,
    "scene_show_attributes": false,
    "scene_use_gravity": false
  }
}
</info>
<engine>
1
</engine>
<palette>
{"colors":[{"count":4,"data":[[224,248,208,255],[136,192,112,255],[52,104,86,255],[8,24,32,255]]},{"count":4,"data":[[224,248,208,255],[136,192,112,255],[188,195,74,255],[8,24,32,255]]},{"count":4,"data":[[156,198,228,255],[93,151,220,255],[60,117,73,255],[31,42,25,255]]},{"count":4,"data":[[54,125,221,255],[93,151,220,255],[60,117,73,255],[31,42,25,255]]},{"count":4,"data":[[64,24,0,255],[120,176,248,255],[144,48,128,255],[176,56,144,255]]},{"count":4,"data":[[56,0,56,255],[248,208,8,255],[64,168,48,255],[240,48,216,255]]},{"count":4,"data":[[112,0,8,255],[200,176,184,255],[64,24,128,255],[224,24,48,255]]},{"count":4,"data":[[168,16,0,255],[240,64,200,255],[112,128,24,255],[184,120,48,255]]},{"count":4,"data":[[224,248,208,0],[136,192,112,255],[52,104,86,255],[8,24,32,255]]},{"count":4,"data":[[0,160,80,255],[40,56,208,255],[104,160,32,255],[216,248,240,255]]},{"count":4,"data":[[152,232,32,255],[72,40,240,255],[8,208,16,255],[176,24,248,255]]},{"count":4,"data":[[32,0,128,255],[224,216,120,255],[0,136,72,255],[120,48,216,255]]},{"count":4,"data":[[64,24,0,255],[120,176,248,255],[144,48,128,255],[176,56,144,255]]},{"count":4,"data":[[56,0,56,255],[248,208,8,255],[64,168,48,255],[240,48,216,255]]},{"count":4,"data":[[112,0,8,255],[200,176,184,255],[64,24,128,255],[224,24,48,255]]},{"count":4,"data":[[168,16,0,255],[240,64,200,255],[112,128,24,255],[184,120,48,255]]}]}
</palette>
<font>
{}
</font>
<code page="0">
if not query IS_CGB then
  print "This program runs on";
  print "a colored console"
  end
end if

</code>
<tiles page="0">
{"ref":0,"name":"Tiles0","magnification":-1,"pixels":{"width":32,"height":160,"depth":2,"data":[0,0,0,0,0,0,0,0,2,2,2,2,2,2,2,2,2,2,2,2,2,2,2,2,2,2,2,3,1,1,2,2,0,0,0,0,0,0,0,0,2,2,2,2,2,2,2,2,2,2,2,2,2,3,3,3,2,2,2,3,1,3,2,2,0,0,0,0,0,0,0,0,2,2,2,2,2,2,2,2,2,2,2,2,3,0,0,1,2,2,2,2,3,2,3,1,0,0,0,0,0,0,0,0,2,2,2,2,2,2,2,2,2,2,2,3,0,0,1,1,2,2,2,2,2,3,1,1,0,0,0,0,0,0,0,0,2,2,2,2,2,2,2,2,2,2,3,1,1,1,1,1,2,2,2,2,2,3,2,2,0,0,0,0,0,0,0,0,2,2,2,2,2,2,2,2,2,2,3,1,1,1,0,0,2,2,2,2,3,1,1,1,0,0,0,0,0,0,0,0,2,2,2,2,2,2,2,2,2,2,2,3,3,0,1,1,2,2,2,2,3,1,1,1,0,0,0,0,0,0,0,0,2,2,2,2,2,2,2,2,2,2,2,3,1,1,1,2,2,2,2,2,2,2,2,2,2,2,3,3,2,2,2,2,1,2,2,1,1,3,2,2,2,2,3,1,1,3,3,1,1,3,1,1,3,2,2,2,2,3,1,1,3,2,2,2,2,2,2,3,1,3,2,2,2,2,3,1,3,2,3,2,2,3,3,1,3,2,2,2,3,1,1,3,3,2,2,2,1,3,3,2,3,3,2,2,2,2,3,3,2,2,3,1,1,3,2,3,2,2,2,2,1,1,0,0,0,3,2,2,1,3,2,2,2,2,2,2,2,2,2,2,2,2,3,1,1,1,3,2,2,2,2,2,1,1,1,1,1,1,3,2,2,3,2,2,2,2,2,2,2,2,2,2,2,2,3,2,2,2,3,2,2,2,2,2,1,0,1,1,3,3,2,2,3,2,2,2,2,2,2,2,2,2,2,2,2,2,2,3,1,1,1,3,2,2,2,2,1,1,0,0,1,3,2,2,3,2,2,2,2,2,2,2,2,2,2,2,2,2,2,3,1,1,1,3,2,2,2,2,2,1,1,1,1,3,2,2,2,2,2,2,2,2,2,2,2,2,2,2,2,2,2,2,2,2,2,2,2,2,2,2,2,2,2,2,2,2,2,2,2,2,2,2,2,2,2,2,2,0,1,1,2,2,2,2,2,2,2,2,2,2,2,2,2,2,2,2,2,2,2,2,2,2,2,2,2,2,2,2,2,2,2,0,0,2,2,2,2,2,2,2,3,3,3,2,2,2,2,2,2,2,2,2,2,2,2,2,2,2,2,2,2,2,0,0,1,1,2,2,2,2,2,3,0,0,1,3,2,2,2,2,2,2,2,2,2,2,2,2,2,2,2,2,2,2,2,0,1,1,2,2,2,2,3,1,0,0,0,1,2,2,2,2,2,2,2,2,2,2,2,2,2,2,2,2,2,2,2,2,2,2,2,2,2,2,3,1,1,1,1,1,2,2,2,2,0,0,2,2,2,2,0,0,2,2,2,2,2,2,2,2,2,2,2,2,2,2,3,1,0,0,1,1,2,2,2,2,1,0,0,2,2,0,0,2,2,2,2,2,2,2,2,2,2,2,2,2,2,3,1,1,0,0,0,1,2,2,2,2,2,1,0,2,0,0,0,1,2,2,2,2,2,2,2,2,2,2,2,2,2,3,1,1,1,1,1,1,2,3,1,1,1,1,1,1,2,2,2,2,2,2,2,2,2,2,2,2,2,2,2,2,2,2,3,1,1,1,1,1,2,2,3,1,1,1,1,1,3,3,3,3,2,2,2,2,2,2,2,2,2,2,3,3,2,2,3,1,1,1,1,1,2,2,3,1,1,1,1,1,1,0,0,1,3,2,2,2,2,2,2,2,2,3,0,0,2,2,3,1,1,1,1,1,2,2,2,3,1,1,1,1,0,0,0,0,1,3,2,2,2,2,2,2,3,0,0,0,2,2,2,3,1,1,1,1,2,2,2,2,3,3,2,2,0,0,0,0,1,3,2,2,2,2,2,2,3,0,0,0,2,2,2,2,3,3,2,2,2,2,2,2,2,3,1,1,1,1,1,1,1,1,3,2,2,2,2,3,1,0,0,0,2,2,2,2,2,3,1,1,2,2,2,2,2,3,1,1,0,0,0,1,1,1,3,2,2,2,2,3,1,1,0,0,2,2,2,2,2,3,1,1,2,2,2,2,2,2,2,2,0,0,0,1,1,1,3,2,2,2,3,1,1,1,1,1,2,2,2,2,2,2,2,2,2,2,2,2,2,2,2,3,3,2,2,2,2,2,2,2,2,2,2,2,2,2,2,2,2,2,2,2,2,2,1,1,2,2,2,2,2,2,3,0,0,3,2,2,2,2,2,2,2,2,2,2,2,2,2,2,2,2,2,2,2,0,0,2,2,2,2,2,2,3,0,0,0,0,3,2,2,2,2,2,2,2,2,2,2,2,2,2,2,2,2,2,2,1,0,0,2,2,2,2,2,3,0,0,0,0,3,2,2,2,2,2,2,2,2,2,2,2,2,2,2,2,2,2,2,2,0,2,2,2,2,2,3,0,0,0,0,0,0,3,2,2,2,2,2,2,2,2,2,2,2,2,2,2,2,2,2,2,2,2,2,2,2,2,3,0,0,0,0,0,0,3,2,2,2,2,2,2,2,2,2,2,0,0,2,2,2,2,2,2,2,2,2,2,2,3,1,1,0,0,1,0,1,1,3,2,2,2,2,2,2,2,2,2,2,0,2,2,2,2,2,2,2,2,2,2,2,3,1,1,1,1,1,1,1,1,3,2,2,2,2,2,2,2,2,1,1,0,2,2,2,2,2,2,2,2,2,2,2,2,2,2,2,2,0,2,2,2,2,2,2,2,2,3,3,3,3,3,3,3,3,2,2,2,2,2,2,2,2,2,2,2,2,2,2,2,2,2,2,2,2,2,2,2,3,2,2,2,2,2,2,2,3,1,1,1,1,1,1,1,2,2,2,2,2,2,2,2,2,2,2,2,2,2,2,2,3,1,1,1,1,1,1,1,3,3,2,2,2,2,2,2,2,2,2,2,2,2,2,2,2,2,2,2,2,2,2,2,3,2,1,3,1,2,2,2,2,3,1,1,2,2,1,1,2,2,2,2,2,2,2,2,2,2,2,2,2,2,2,2,3,1,1,1,1,1,1,1,2,3,1,3,1,3,1,1,2,1,1,2,0,0,2,2,2,2,2,2,2,2,2,2,3,2,2,2,2,2,2,2,2,3,1,1,1,1,2,2,0,2,1,0,0,2,2,2,2,2,2,2,2,2,2,2,3,1,1,1,1,1,1,1,2,3,1,3,1,3,1,1,0,0,2,0,2,2,2,2,2,2,2,2,2,2,2,2,3,2,2,2,2,2,2,2,2,3,1,1,1,1,1,1,3,3,3,3,3,3,3,2,2,2,2,2,2,2,2,3,2,2,2,2,2,2,2,2,2,2,2,2,3,0,2,2,2,2,2,2,2,2,2,3,1,1,1,1,1,1,1,3,2,2,2,2,2,2,3,3,2,2,2,2,3,0,3,3,1,1,1,1,1,1,1,3,2,2,2,2,2,2,3,3,2,2,2,2,3,3,2,2,2,2,2,2,3,0,1,2,2,2,2,2,2,2,2,3,1,1,2,2,1,1,3,2,2,2,2,3,2,2,1,1,2,2,2,2,3,0,0,0,1,1,1,1,1,1,1,3,0,0,0,0,1,1,3,2,2,2,2,3,1,1,2,2,2,2,2,2,3,2,2,1,2,2,2,2,2,2,2,3,0,1,1,0,1,1,3,2,2,2,2,3,2,2,2,2,2,2,2,2,3,1,1,2,1,1,1,1,1,1,1,3,0,1,1,0,1,1,3,2,2,2,2,3,2,2,1,1,2,2,2,2,2,2,2,2,2,2,2,2,2,2,2,3,0,1,1,0,1,1,3,2,2,2,2,3,1,1,3,3,2,2,2,2,2,2,2,2,2,2,2,2,2,2,2,2,2,0,3,2,2,2,2,2,0,0,0,0,0,0,0,0,0,0,0,0,0,0,0,0,3,2,2,2,2,2,2,2,3,0,3,2,2,2,2,2,0,0,0,0,0,0,0,3,0,0,0,0,0,0,0,0,2,3,3,2,2,2,2,2,1,0,3,2,2,2,2,2,0,0,0,0,0,0,3,0,0,0,0,0,0,0,0,0,1,2,2,3,2,2,2,2,0,0,3,2,2,2,2,2,0,0,0,0,0,0,3,0,0,0,0,0,0,0,0,0,2,1,1,3,2,2,2,2,1,2,3,2,2,2,2,2,0,0,0,0,0,0,0,3,0,0,0,0,0,0,0,0,2,2,2,3,2,2,2,2,2,1,3,2,2,2,2,2,0,0,0,0,0,0,0,0,0,0,0,0,0,0,0,0,1,2,2,3,2,2,2,2,2,2,2,2,2,2,2,2,0,0,0,3,3,0,0,3,0,0,0,0,0,0,0,0,3,1,1,3,2,2,2,2,2,2,2,2,2,2,2,2,0,0,3,0,1,3,3,0,0,3,3,3,0,0,0,0,3,0,1,3,0,0,0,0,0,0,0,0,0,0,0,0,0,0,0,0,0,0,0,0,3,1,2,1,2,1,1,2,0,0,2,3,0,0,0,0,0,0,0,0,0,0,0,0,0,0,0,0,0,0,0,0,3,1,1,1,2,1,1,2,0,3,2,3,0,0,0,0,0,0,0,0,0,0,0,0,0,0,0,0,0,0,0,0,3,0,1,1,1,1,1,1,0,3,2,3,0,0,0,0,0,0,0,0,0,0,0,0,0,0,3,3,3,3,3,3,1,0,0,0,0,0,0,0,0,0,2,1,3,0,0,0,0,0,0,0,0,0,0,0,0,3,1,1,1,1,1,1,1,1,1,1,0,0,0,0,3,1,2,2,1,3,0,3,3,3,0,0,0,0,0,0,3,1,1,0,0,0,0,0,0,1,1,1,1,1,1,1,0,1,0,0,1,3,0,3,1,0,3,0,0,0,0,0,3,1,0,0,0,1,1,0,0,0,0,0,1,1,1,1,0,1,1,1,1,3,3,0,2,0,0,3,0,0,0,0,3,1,2,1,2,1,1,2,0,0,0,0,0,0,0,0,2,2,2,2,2,3,3,3,3,1,1,2,2,2,2,2,3,3,3,2,2,2,2,2,2,2,2,2,2,1,1,3,2,2,2,3,3,2,2,2,3,2,2,2,2,1,1,1,2,2,2,3,3,2,2,2,1,1,1,2,2,2,2,3,2,3,3,2,2,1,1,1,3,2,2,1,1,2,2,2,1,1,1,2,2,3,3,2,2,2,2,1,1,2,2,3,3,2,2,1,1,1,2,2,3,1,1,2,2,2,2,1,2,2,2,1,1,2,2,3,1,2,2,2,2,1,1,3,3,1,1,1,3,1,1,1,3,3,2,3,1,3,1,1,1,1,1,2,2,1,1,3,0,0,0,0,1,2,3,3,3,2,2,1,1,1,2,2,2,3,1,1,1,1,2,2,2,2,2,1,1,2,2,3,0,1,1,0,1,1,3,2,3,1,1,2,2,2,1,1,2,3,1,3,1,3,1,1,1,1,1,2,2,1,1,3,0,1,1,0,1,1,3,2,3,2,2,2,2,2,2,2,2,3,1,1,1,1,1,1,2,2,2,1,1,2,2,3,0,1,1,0,1,1,3,2,3,3,3,2,3,3,3,3,3,2,3,2,1,2,3,2,3,2,3,3,3,2,2,2,1,3,2,1,2,1,2,2,3,0,0,3,0,3,3,3,3,0,3,1,0,0,3,0,0,3,0,0,3,2,2,2,0,3,2,1,2,1,2,2,3,0,0,1,3,2,2,2,3,0,0,1,0,0,1,0,3,1,0,0,3,3,3,3,0,3,2,1,2,1,2,2,3,1,1,3,1,2,2,2,3,1,1,1,1,1,1,1,1,3,1,1,2,0,0,0,1,3,2,1,2,1,2,2,3,2,3,2,1,2,2,2,3,3,2,2,2,2,2,2,1,2,3,2,0,3,3,3,2,3,2,1,2,2,2,2,3,0,3,2,1,2,2,2,2,3,1,0,0,0,0,0,1,2,3,0,3,1,2,2,0,3,2,1,2,1,1,1,3,0,3,2,1,2,2,2,2,3,1,2,2,2,2,2,1,2,3,3,2,1,2,2,2,3,2,2,1,2,2,2,3,1,3,2,2,1,1,1,2,3,1,0,0,0,0,0,2,2,3,1,2,1,2,2,0,3,2,1,2,1,1,3,0,0,0,0,0,0,0,3,0,0,0,0,0,3,3,0,0,3,0,0,2,3,0,0,2,1,2,1,2,1,2,1,0,0,0,0,0,0,3,1,0,0,0,0,0,0,0,3,3,0,0,3,2,3,0,0,0,2,1,1,1,1,1,1,0,0,0,0,0,3,0,2,0,0,0,0,0,0,0,0,3,0,0,3,2,1,0,0,3,0,2,2,2,2,2,2,0,0,0,0,3,0,0,2,0,0,0,0,0,0,0,0,3,1,0,0,2,0,0,0,1,3,0,0,3,0,0,3,0,3,3,3,0,0,0,2,0,0,0,0,0,0,0,0,0,2,0,0,2,0,0,0,0,1,1,1,1,1,1,1,3,0,1,0,0,0,1,2,0,0,0,0,0,0,0,0,1,0,2,1,2,1,2,1,0,0,0,1,1,1,1,1,0,3,0,2,2,2,1,1,0,0,0,0,0,0,0,0,2,0,2,1,2,1,2,1,0,0,0,0,0,1,1,1,0,0,3,3,3,0,0,1,0,0,0,0,0,0,0,0,1,0,2,1,2,1,2,1,0,0,0,0,0,0,0,0,0,2,2,2,2,3,0,0,2,2,2,2,2,2,0,2,2,0,0,0,3,0,0,0,2,2,2,0,1,3,0,0,0,3,0,0,3,0,0,0,1,1,1,1,1,1,1,1,2,1,1,1,3,0,0,0,1,1,1,1,1,3,0,0,0,1,2,2,0,0,0,0,2,2,2,2,2,2,2,2,2,0,0,1,1,3,0,0,2,2,2,2,2,3,0,0,0,0,2,0,0,0,0,0,0,0,3,0,0,3,0,0,2,1,2,1,1,3,0,0,3,0,0,3,0,1,0,0,0,0,2,2,0,0,2,1,1,1,1,1,1,1,1,1,2,1,2,1,1,3,0,0,1,1,1,1,1,0,0,0,0,0,2,2,1,2,2,1,1,1,1,1,1,1,1,1,2,1,2,1,1,3,0,0,1,1,1,1,1,0,0,0,2,0,0,0,1,2,1,1,1,1,1,1,1,1,1,1,1,1,1,1,1,3,0,0,1,1,1,1,0,0,0,0,2,1,1,1,1,2,0,3,0,0,0,0,0,0,0,0,0,0,3,0,1,3,0,0,0,0,0,0,0,0,0,0,0,0,0,0,0,0,0,0,0,0,2,1,1,1,2,1,0,0,0,0,0,0,0,0,1,1,2,1,1,1,2,1,0,0,0,0,0,0,0,0,0,0,2,1,1,1,2,1,0,0,0,0,0,0,0,0,1,1,2,1,1,1,2,1,0,1,1,0,0,0,0,1,0,0,2,1,1,1,2,1,1,1,0,0,0,0,1,1,1,1,2,1,1,1,2,1,0,1,1,1,1,1,1,1,0,1,1,1,1,1,2,1,1,1,1,1,1,1,1,1,1,1,2,1,1,1,2,1,0,1,1,0,0,0,0,0,0,1,1,1,1,1,1,1,1,0,0,0,0,0,0,1,1,1,1,1,1,1,1,1,0,1,2,2,2,2,2,2,0,1,1,0,0,0,0,0,2,2,2,2,2,2,2,2,1,0,0,0,0,0,0,1,0,1,0,0,0,0,0,0,0,1,2,0,0,0,0,0,0,0,0,0,0,0,0,0,2,0,0,0,0,0,0,2,0,0,2,1,1,1,2,1,0,0,0,0,0,0,0,0,1,1,2,1,1,1,2,1,0,0,0,0,0,0,0,0,2,3,3,3,3,3,3,2,3,2,2,2,2,2,2,2,2,2,2,2,2,2,2,2,2,2,2,1,1,1,1,3,3,2,2,2,2,2,2,3,3,1,1,1,1,1,1,2,3,3,3,2,2,2,2,2,2,2,2,2,2,2,2,3,3,1,1,1,1,1,1,2,1,3,2,2,2,2,2,1,2,2,2,3,3,3,3,2,1,1,1,2,2,2,2,3,3,2,2,2,2,2,2,1,1,3,1,1,2,2,1,2,1,1,1,2,2,2,2,3,2,2,2,1,1,1,1,3,3,1,1,1,1,1,1,2,1,3,1,1,0,0,0,0,2,2,2,1,1,1,1,3,1,1,3,0,3,2,3,2,3,2,2,2,2,2,2,1,0,3,1,1,0,1,1,0,1,1,1,2,2,2,2,3,1,2,1,1,1,1,3,2,3,1,1,1,1,1,1,2,2,3,1,1,0,1,1,0,2,2,2,1,1,1,1,3,1,1,3,1,3,1,3,2,3,2,2,2,2,2,2,1,2,3,1,1,0,1,1,0,1,1,1,2,2,2,2,3,1,1,1,1,1,1,3,2,2,3,2,2,2,2,2,2,3,2,3,2,1,2,3,2,2,3,1,2,2,3,1,3,1,2,3,2,2,2,1,1,3,0,0,0,0,3,3,3,3,0,3,1,0,0,3,0,0,3,3,1,1,3,1,3,0,1,3,0,2,1,1,1,3,0,0,1,3,2,2,2,3,0,0,1,0,0,1,0,3,1,3,1,1,3,1,3,0,1,0,0,1,1,3,3,3,1,1,3,1,2,2,2,3,1,1,1,1,1,1,1,1,3,1,1,1,1,1,1,1,1,1,1,2,0,3,3,3,2,3,2,1,2,2,2,3,3,2,2,2,2,2,2,1,2,3,2,1,1,3,3,2,2,2,2,2,0,3,3,3,0,3,2,1,2,2,2,2,3,1,1,1,1,1,2,1,2,3,0,2,3,2,2,2,1,1,1,2,0,3,3,3,0,3,2,1,2,2,2,2,3,1,1,1,1,1,1,1,2,3,0,3,1,2,2,1,1,1,1,2,2,2,2,3,1,3,2,2,1,1,1,2,3,1,1,1,1,1,1,2,2,3,1,2,1,2,2,1,1,2,2,2,2,2,2,1,1,2,2,2,3,2,1,2,3,2,1,2,3,2,3,2,2,2,2,2,2,2,2,3,1,1,1,1,2,2,2,1,1,1,2,0,3,1,0,0,3,0,0,1,3,0,3,2,2,2,2,2,3,3,3,3,2,2,2,2,2,2,2,3,3,1,1,0,0,1,0,0,1,0,0,1,0,0,3,2,3,3,3,3,2,2,2,3,2,2,2,2,1,1,1,3,3,0,2,1,1,1,1,1,1,1,1,1,1,1,3,3,2,2,1,1,1,1,1,3,1,1,1,1,2,2,2,3,3,0,2,2,2,2,2,2,2,2,2,2,2,3,3,3,1,1,1,3,1,2,2,2,3,2,3,0,3,1,1,3,3,0,2,1,1,2,2,1,1,1,1,1,1,3,2,3,2,2,1,1,1,1,1,2,3,1,1,1,1,2,2,2,2,2,2,1,1,1,1,1,1,1,1,1,1,3,2,3,1,1,2,2,2,2,2,2,3,1,3,1,3,1,1,2,2,2,2,2,2,1,1,1,1,1,1,1,1,3,2,3,2,2,2,2,1,1,1,2,3,1,1,1,1,1,1,2,2,2,2,2,2,2,3,2,2,2,2,2,2,2,2,2,2,2,3,0,2,3,3,2,2,2,2,2,2,2,2,2,1,1,1,1,1,1,3,2,2,2,2,2,2,2,2,2,2,2,3,0,3,3,3,2,2,2,3,3,3,3,3,1,2,2,2,2,2,3,3,2,2,2,3,3,3,3,3,2,2,2,3,0,3,1,2,2,2,3,1,1,1,1,2,2,1,2,2,1,1,3,2,2,2,3,2,2,2,2,2,2,2,2,3,0,0,3,3,2,3,2,1,1,1,1,2,0,0,0,0,1,1,3,2,2,2,3,1,1,1,1,1,2,2,2,3,1,0,0,0,3,2,2,1,1,1,1,2,0,1,1,0,1,1,3,2,2,2,3,2,2,2,2,2,2,2,2,3,2,1,1,1,3,2,2,1,1,1,1,2,0,1,1,0,1,1,3,2,2,2,3,2,2,2,2,2,2,2,2,2,2,1,1,1,3,2,2,2,1,1,1,1,0,1,1,0,1,1,3,2,2,2,3,1,1,1,1,1,2,2,2,2,2,2,2,2,3,2,2,2,2,2,2,2,3,2,2,3,3,3,3,3,3,3,3,3,3,2,2,2,3,3,3,3,3,2,2,3,2,3,3,3,3,3,3,3,3,2,2,3,2,1,2,2,2,1,1,1,2,3,2,2,2,1,2,1,3,2,2,3,3,2,2,2,2,2,2,2,3,2,2,3,2,1,2,2,1,1,1,1,1,2,3,2,2,1,2,1,3,2,2,3,3,1,1,1,1,1,1,1,3,2,2,1,3,3,3,3,1,1,1,1,1,2,2,3,3,3,3,3,1,2,2,3,3,2,2,2,2,2,2,2,3,2,2,0,2,2,3,3,2,2,2,2,2,2,2,3,3,3,2,2,0,2,2,3,3,1,1,1,1,1,1,1,3,2,2,0,1,2,3,3,2,2,2,2,2,2,2,3,3,3,2,1,0,2,2,3,3,2,2,2,2,2,2,2,2,2,2,0,1,2,3,3,1,1,1,1,1,2,2,3,3,3,2,1,0,2,2,2,3,1,1,1,1,1,1,1,2,2,2,0,1,2,2,2,2,2,2,2,2,2,2,3,2,2,2,1,0,2,2,2,3,2,2,2,0,0,0,0,3,2,2,2,0,1,1,1,1,1,1,0,2,2,2,3,0,0,0,0,0,3,3,3,0,0,0,3,1,1,1,1,3,1,1,1,0,0,0,0,0,0,0,0,1,1,1,3,0,0,0,0,3,1,1,1,0,0,0,3,1,1,1,1,3,3,2,0,3,3,3,3,3,3,3,3,0,2,3,3,0,0,0,3,1,1,0,2,0,0,0,3,1,0,2,2,2,3,1,2,3,2,2,3,2,2,3,2,2,1,3,2,0,0,0,3,1,0,1,1,0,0,0,3,1,1,0,2,2,3,2,2,0,0,0,0,2,0,0,0,2,2,3,2,0,0,0,3,1,0,2,2,0,0,0,3,0,1,1,1,2,3,1,2,0,2,2,2,0,0,2,2,2,1,3,2,0,0,0,3,1,1,1,1,0,0,0,1,0,0,0,0,2,3,1,1,1,1,1,1,1,1,1,1,1,1,3,2,0,0,0,3,1,1,1,1,0,0,0,1,1,1,1,1,2,3,1,2,2,2,2,2,2,2,2,2,2,1,3,2,0,0,0,3,1,0,2,2,0,0,0,0,0,1,1,1]}}
</tiles>
<tiles page="1">
{"ref":0,"name":"WidgetBorder","magnification":-1,"pixels":{"width":160,"height":24,"depth":6,"data":[0,0,1,1,1,1,1,1,1,1,1,1,1,1,1,1,1,1,1,1,1,1,1,1,1,1,1,1,1,1,1,1,1,1,1,1,1,1,1,1,1,1,1,1,1,1,1,1,1,1,1,1,1,1,1,1,1,1,1,1,1,1,1,1,1,1,1,1,1,1,1,1,1,1,1,1,1,1,1,1,1,1,1,1,1,1,1,1,1,1,1,1,1,1,1,1,1,1,1,1,1,1,1,1,1,1,1,1,1,1,1,1,1,1,1,1,1,1,1,1,1,1,1,1,1,1,1,1,1,1,1,1,1,1,1,1,1,1,1,1,1,1,1,1,1,1,1,1,1,1,1,1,1,1,1,1,1,1,0,0,0,1,0,0,0,0,0,0,0,0,0,0,0,0,0,0,0,0,0,0,0,0,0,0,0,0,0,0,0,0,0,0,0,0,0,0,0,0,0,0,0,0,0,0,0,0,0,0,0,0,0,0,0,0,0,0,0,0,0,0,0,0,0,0,0,0,0,0,0,0,0,0,0,0,0,0,0,0,0,0,0,0,0,0,0,0,0,0,0,0,0,0,0,0,0,0,0,0,0,0,0,0,0,0,0,0,0,0,0,0,0,0,0,0,0,0,0,0,0,0,0,0,0,0,0,0,0,0,0,0,0,0,0,0,0,0,0,0,0,0,0,0,0,0,0,0,0,0,0,0,0,0,0,0,0,0,0,0,1,0,1,0,0,0,0,0,0,0,0,0,0,0,0,0,0,0,0,0,0,0,0,0,0,0,0,0,0,0,0,0,0,0,0,0,0,0,0,0,0,0,0,0,0,0,0,0,0,0,0,0,0,0,0,0,0,0,0,0,0,0,0,0,0,0,0,0,0,0,0,0,0,0,0,0,0,0,0,0,0,0,0,0,0,0,0,0,0,0,0,0,0,0,0,0,0,0,0,0,0,0,0,0,0,0,0,0,0,0,0,0,0,0,0,0,0,0,0,0,0,0,0,0,0,0,0,0,0,0,0,0,0,0,0,0,0,0,0,0,0,0,0,0,0,0,0,0,0,0,0,0,0,0,0,0,0,0,0,0,0,1,1,0,0,0,0,0,0,0,0,0,0,0,0,0,0,0,0,0,0,0,0,0,0,0,0,0,0,0,0,0,0,0,0,0,0,0,0,0,0,0,0,0,0,0,0,0,0,0,0,0,0,0,0,0,0,0,0,0,0,0,0,0,0,0,0,0,0,0,0,0,0,0,0,0,0,0,0,0,0,0,0,0,0,0,0,0,0,0,0,0,0,0,0,0,0,0,0,0,0,0,0,0,0,0,0,0,0,0,0,0,0,0,0,0,0,0,0,0,0,0,0,0,0,0,0,0,0,0,0,0,0,0,0,0,0,0,0,0,0,0,0,0,0,0,0,0,0,0,0,0,0,0,0,0,0,0,0,0,0,1,1,0,0,0,0,0,0,0,0,0,0,0,0,0,0,0,0,0,0,0,0,0,0,0,0,0,0,0,0,0,0,0,0,0,0,0,0,0,0,0,0,0,0,0,0,0,0,0,0,0,0,0,0,0,0,0,0,0,0,0,0,0,0,0,0,0,0,0,0,0,0,0,0,0,0,0,0,0,0,0,0,0,0,0,0,0,0,0,0,0,0,0,0,0,0,0,0,0,0,0,0,0,0,0,0,0,0,0,0,0,0,0,0,0,0,0,0,0,0,0,0,0,0,0,0,0,0,0,0,0,0,0,0,0,0,0,0,0,0,0,0,0,0,0,0,0,0,0,0,0,0,0,0,0,0,0,0,0,0,1,1,0,0,0,0,0,0,0,0,0,0,0,0,0,0,0,0,0,0,0,0,0,0,0,0,0,0,0,0,0,0,0,0,0,0,0,0,0,0,0,0,0,0,0,0,0,0,0,0,0,0,0,0,0,0,0,0,0,0,0,0,0,0,0,0,0,0,0,0,0,0,0,0,0,0,0,0,0,0,0,0,0,0,0,0,0,0,0,0,0,0,0,0,0,0,0,0,0,0,0,0,0,0,0,0,0,0,0,0,0,0,0,0,0,0,0,0,0,0,0,0,0,0,0,0,0,0,0,0,0,0,0,0,0,0,0,0,0,0,0,0,0,0,0,0,0,0,0,0,0,0,0,0,0,0,0,0,0,0,1,1,0,0,0,0,0,0,0,0,0,0,0,0,0,0,0,0,0,0,0,0,0,0,0,0,0,0,0,0,0,0,0,0,0,0,0,0,0,0,0,0,0,0,0,0,0,0,0,0,0,0,0,0,0,0,0,0,0,0,0,0,0,0,0,0,0,0,0,0,0,0,0,0,0,0,0,0,0,0,0,0,0,0,0,0,0,0,0,0,0,0,0,0,0,0,0,0,0,0,0,0,0,0,0,0,0,0,0,0,0,0,0,0,0,0,0,0,0,0,0,0,0,0,0,0,0,0,0,0,0,0,0,0,0,0,0,0,0,0,0,0,0,0,0,0,0,0,0,0,0,0,0,0,0,0,0,0,0,0,1,1,0,0,0,0,0,0,0,0,0,0,0,0,0,0,0,0,0,0,0,0,0,0,0,0,0,0,0,0,0,0,0,0,0,0,0,0,0,0,0,0,0,0,0,0,0,0,0,0,0,0,0,0,0,0,0,0,0,0,0,0,0,0,0,0,0,0,0,0,0,0,0,0,0,0,0,0,0,0,0,0,0,0,0,0,0,0,0,0,0,0,0,0,0,0,0,0,0,0,0,0,0,0,0,0,0,0,0,0,0,0,0,0,0,0,0,0,0,0,0,0,0,0,0,0,0,0,0,0,0,0,0,0,0,0,0,0,0,0,0,0,0,0,0,0,0,0,0,0,0,0,0,0,0,0,0,0,0,0,1,1,0,0,0,0,0,0,0,0,0,0,0,0,0,0,0,0,0,0,0,0,0,0,0,0,0,0,0,0,0,0,0,0,0,0,0,0,0,0,0,0,0,0,0,0,0,0,0,0,0,0,0,0,0,0,0,0,0,0,0,0,0,0,0,0,0,0,0,0,0,0,0,0,0,0,0,0,0,0,0,0,0,0,0,0,0,0,0,0,0,0,0,0,0,0,0,0,0,0,0,0,0,0,0,0,0,0,0,0,0,0,0,0,0,0,0,0,0,0,0,0,0,0,0,0,0,0,0,0,0,0,0,0,0,0,0,0,0,0,0,0,0,0,0,0,0,0,0,0,0,0,0,0,0,0,0,0,0,0,1,1,0,0,0,0,0,0,0,0,0,0,0,0,0,0,0,0,0,0,0,0,0,0,0,0,0,0,0,0,0,0,0,0,0,0,0,0,0,0,0,0,0,0,0,0,0,0,0,0,0,0,0,0,0,0,0,0,0,0,0,0,0,0,0,0,0,0,0,0,0,0,0,0,0,0,0,0,0,0,0,0,0,0,0,0,0,0,0,0,0,0,0,0,0,0,0,0,0,0,0,0,0,0,0,0,0,0,0,0,0,0,0,0,0,0,0,0,0,0,0,0,0,0,0,0,0,0,0,0,0,0,0,0,0,0,0,0,0,0,0,0,0,0,0,0,0,0,0,0,0,0,0,0,0,0,0,0,0,0,1,1,0,0,0,0,0,0,0,0,0,0,0,0,0,0,0,0,0,0,0,0,0,0,0,0,0,0,0,0,0,0,0,0,0,0,0,0,0,0,0,0,0,0,0,0,0,0,0,0,0,0,0,0,0,0,0,0,0,0,0,0,0,0,0,0,0,0,0,0,0,0,0,0,0,0,0,0,0,0,0,0,0,0,0,0,0,0,0,0,0,0,0,0,0,0,0,0,0,0,0,0,0,0,0,0,0,0,0,0,0,0,0,0,0,0,0,0,0,0,0,0,0,0,0,0,0,0,0,0,0,0,0,0,0,0,0,0,0,0,0,0,0,0,0,0,0,0,0,0,0,0,0,0,0,0,0,0,0,0,1,1,0,0,0,0,0,0,0,0,0,0,0,0,0,0,0,0,0,0,0,0,0,0,0,0,0,0,0,0,0,0,0,0,0,0,0,0,0,0,0,0,0,0,0,0,0,0,0,0,0,0,0,0,0,0,0,0,0,0,0,0,0,0,0,0,0,0,0,0,0,0,0,0,0,0,0,0,0,0,0,0,0,0,0,0,0,0,0,0,0,0,0,0,0,0,0,0,0,0,0,0,0,0,0,0,0,0,0,0,0,0,0,0,0,0,0,0,0,0,0,0,0,0,0,0,0,0,0,0,0,0,0,0,0,0,0,0,0,0,0,0,0,0,0,0,0,0,0,0,0,0,0,0,0,0,0,0,0,0,1,1,0,0,0,0,0,0,0,0,0,0,0,0,0,0,0,0,0,0,0,0,0,0,0,0,0,0,0,0,0,0,0,0,0,0,0,0,0,0,0,0,0,0,0,0,0,0,0,0,0,0,0,0,0,0,0,0,0,0,0,0,0,0,0,0,0,0,0,0,0,0,0,0,0,0,0,0,0,0,0,0,0,0,0,0,0,0,0,0,0,0,0,0,0,0,0,0,0,0,0,0,0,0,0,0,0,0,0,0,0,0,0,0,0,0,0,0,0,0,0,0,0,0,0,0,0,0,0,0,0,0,0,0,0,0,0,0,0,0,0,0,0,0,0,0,0,0,0,0,0,0,0,0,0,0,0,0,0,0,1,1,0,0,0,0,0,0,0,0,0,0,0,0,0,0,0,0,0,0,0,0,0,0,0,0,0,0,0,0,0,0,0,0,0,0,0,0,0,0,0,0,0,0,0,0,0,0,0,0,0,0,0,0,0,0,0,0,0,0,0,0,0,0,0,0,0,0,0,0,0,0,0,0,0,0,0,0,0,0,0,0,0,0,0,0,0,0,0,0,0,0,0,0,0,0,0,0,0,0,0,0,0,0,0,0,0,0,0,0,0,0,0,0,0,0,0,0,0,0,0,0,0,0,0,0,0,0,0,0,0,0,0,0,0,0,0,0,0,0,0,0,0,0,0,0,0,0,0,0,0,0,0,0,0,0,0,0,0,0,1,1,0,0,0,0,0,0,0,0,0,0,0,0,0,0,0,0,0,0,0,0,0,0,0,0,0,0,0,0,0,0,0,0,0,0,0,0,0,0,0,0,0,0,0,0,0,0,0,0,0,0,0,0,0,0,0,0,0,0,0,0,0,0,0,0,0,0,0,0,0,0,0,0,0,0,0,0,0,0,0,0,0,0,0,0,0,0,0,0,0,0,0,0,0,0,0,0,0,0,0,0,0,0,0,0,0,0,0,0,0,0,0,0,0,0,0,0,0,0,0,0,0,0,0,0,0,0,0,0,0,0,0,0,0,0,0,0,0,0,0,0,0,0,0,0,0,0,0,0,0,0,0,0,0,0,0,0,0,0,1,1,0,0,0,0,0,0,0,0,0,0,0,0,0,0,0,0,0,0,0,0,0,0,0,0,0,0,0,0,0,0,0,0,0,0,0,0,0,0,0,0,0,0,0,0,0,0,0,0,0,0,0,0,0,0,0,0,0,0,0,0,0,0,0,0,0,0,0,0,0,0,0,0,0,0,0,0,0,0,0,0,0,0,0,0,0,0,0,0,0,0,0,0,0,0,0,0,0,0,0,0,0,0,0,0,0,0,0,0,0,0,0,0,0,0,0,0,0,0,0,0,0,0,0,0,0,0,0,0,0,0,0,0,0,0,0,0,0,0,0,0,0,0,0,0,0,0,0,0,0,0,0,0,0,0,0,0,0,0,1,1,0,0,0,0,0,0,0,0,0,0,0,0,0,0,0,0,0,0,0,0,0,0,0,0,0,0,0,0,0,0,0,0,0,0,0,0,0,0,0,0,0,0,0,0,0,0,0,0,0,0,0,0,0,0,0,0,0,0,0,0,0,0,0,0,0,0,0,0,0,0,0,0,0,0,0,0,0,0,0,0,0,0,0,0,0,0,0,0,0,0,0,0,0,0,0,0,0,0,0,0,0,0,0,0,0,0,0,0,0,0,0,0,0,0,0,0,0,0,0,0,0,0,0,0,0,0,0,0,0,0,0,0,0,0,0,0,0,0,0,0,0,0,0,0,0,0,0,0,0,0,0,0,0,0,0,0,0,0,1,1,0,0,0,0,0,0,0,0,0,0,0,0,0,0,0,0,0,0,0,0,0,0,0,0,0,0,0,0,0,0,0,0,0,0,0,0,0,0,0,0,0,0,0,0,0,0,0,0,0,0,0,0,0,0,0,0,0,0,0,0,0,0,0,0,0,0,0,0,0,0,0,0,0,0,0,0,0,0,0,0,0,0,0,0,0,0,0,0,0,0,0,0,0,0,0,0,0,0,0,0,0,0,0,0,0,0,0,0,0,0,0,0,0,0,0,0,0,0,0,0,0,0,0,0,0,0,0,0,0,0,0,0,0,0,0,0,0,0,0,0,0,0,0,0,0,0,0,0,0,0,0,0,0,0,0,0,0,0,1,1,0,0,0,0,0,0,0,0,0,0,0,0,0,0,0,0,0,0,0,0,0,0,0,0,0,0,0,0,0,0,0,0,0,0,0,0,0,0,0,0,0,0,0,0,0,0,0,0,0,0,0,0,0,0,0,0,0,0,0,0,0,0,0,0,0,0,0,0,0,0,0,0,0,0,0,0,0,0,0,0,0,0,0,0,0,0,0,0,0,0,0,0,0,0,0,0,0,0,0,0,0,0,0,0,0,0,0,0,0,0,0,0,0,0,0,0,0,0,0,0,0,0,0,0,0,0,0,0,0,0,0,0,0,0,0,0,0,0,0,0,0,0,0,0,0,0,0,0,0,0,0,0,0,0,0,0,0,0,1,0,1,0,0,0,0,0,0,0,0,0,0,0,0,0,0,0,0,0,0,0,0,0,0,0,0,0,0,0,0,0,0,0,0,0,0,0,0,0,0,0,0,0,0,0,0,0,0,0,0,0,0,0,0,0,0,0,0,0,0,0,0,0,0,0,0,0,0,0,0,0,0,0,0,0,0,0,0,0,0,0,0,0,0,0,0,0,0,0,0,0,0,0,0,0,0,0,0,0,0,0,0,0,0,0,0,0,0,0,0,0,0,0,0,0,0,0,0,0,0,0,0,0,0,0,0,0,0,0,0,0,0,0,0,0,0,0,0,0,0,0,0,0,0,0,0,0,0,0,0,0,0,0,0,0,0,0,0,1,0,0,0,1,1,1,1,1,1,1,1,1,1,1,1,1,1,1,1,1,1,1,1,1,1,1,1,1,1,1,1,1,1,1,1,1,1,1,1,1,1,1,1,1,1,1,1,1,1,1,1,1,1,1,1,1,1,1,1,1,1,1,1,1,1,1,1,1,1,1,1,1,1,1,1,1,1,1,1,1,1,1,1,1,1,1,1,1,1,1,1,1,1,1,1,1,1,1,1,1,1,1,1,1,1,1,1,1,1,1,1,1,1,1,1,1,1,1,1,1,1,1,1,1,1,1,1,1,1,1,1,1,1,1,1,1,1,1,1,1,1,1,1,1,1,1,1,1,1,1,1,1,1,1,1,1,1,1,1,0,0,0,0,0,0,0,0,0,0,0,0,0,0,0,0,0,0,0,0,0,0,0,0,0,0,0,0,0,0,0,0,0,0,0,0,0,0,0,0,0,0,0,0,0,0,0,0,0,0,0,0,0,0,0,0,0,0,0,0,0,0,0,0,0,0,0,0,0,0,0,0,0,0,0,0,0,0,0,0,0,0,0,0,0,0,0,0,0,0,0,0,0,0,0,0,0,0,0,0,0,0,0,0,0,0,0,0,0,0,0,0,0,0,0,0,0,0,0,0,0,0,0,0,0,0,0,0,0,0,0,0,0,0,0,0,0,0,0,0,0,0,0,0,0,0,0,0,0,0,0,0,0,0,0,0,0,0,0,0,0,0,0,0,0,0,0,0,0,0,0,0,0,0,0,0,0,0,0,0,0,0,0,0,0,0,0,0,0,0,0,0,0,0,0,0,0,0,0,0,0,0,0,0,0,0,0,0,0,0,0,0,0,0,0,0,0,0,0,0,0,0,0,0,0,0,0,0,0,0,0,0,0,0,0,0,0,0,0,0,0,0,0,0,0,0,0,0,0,0,0,0,0,0,0,0,0,0,0,0,0,0,0,0,0,0,0,0,0,0,0,0,0,0,0,0,0,0,0,0,0,0,0,0,0,0,0,0,0,0,0,0,0,0,0,0,0,0,0,0,0,0,0,0,0,0,0,0,0,0,0,0,0,0,0,0,0,0,0,0,0,0,0,0,0,0,0,0,0,0,0,0,0,0,0,0,0,0,0,0,0,0,0,0,0,0,0,0,0,0,0,0,0,0,0,0,0,0,0,0,0,0,0,0,0,0,0,0,0,0,0,0,0,0,0,0,0,0,0,0,0,0,0,0,0,0,0,0,0,0,0,0,0,0,0,0,0,0,0,0,0,0,0,0,0,0,0,0,0,0,0,0,0,0,0,0,0,0,0,0,0,0,0,0,0,0,0,0,0,0,0,0,0,0,0,0,0,0,0,0,0,0,0,0,0,0,0,0,0,0,0,0,0,0,0,0,0,0,0,0,0,0,0,0,0,0,0,0,0,0,0,0,0,0,0,0,0,0,0,0,0,0]}}
</tiles>
<tiles page="2">
{"ref":0,"name":"Emote","magnification":-1,"pixels":{"width":32,"height":8,"depth":2,"data":[0,0,3,3,3,3,3,3,3,1,1,1,1,1,1,3,3,3,3,3,3,3,0,0,3,1,1,1,1,1,1,3,0,3,1,1,1,1,1,1,3,1,1,1,1,1,1,1,1,1,1,1,1,1,3,0,1,1,1,1,1,1,1,3,3,1,1,1,1,1,1,3,3,1,1,1,1,1,1,3,3,1,1,1,1,1,1,3,3,1,1,1,1,1,1,3,3,1,1,1,1,1,1,3,3,1,1,1,1,1,1,3,3,1,1,1,1,1,1,3,3,1,1,1,1,1,1,3,3,1,1,1,1,1,1,3,0,3,1,1,1,1,1,1,3,1,1,1,1,1,1,3,1,1,1,1,1,1,3,0,3,1,1,1,1,1,1,3,0,0,3,3,3,3,3,3,3,1,1,1,1,1,1,3,3,3,3,3,3,3,0,0,3,1,1,1,1,1,1,3,0,0,0,0,0,0,3,3,3,1,1,1,1,1,1,3,3,3,0,0,0,0,0,0,3,1,1,1,1,1,1,3,0,0,0,0,0,0,0,3,3,1,1,1,1,1,1,3,3,0,0,0,0,0,0,0]}}
</tiles>
<map page="0">
{"ref":0,"tiles":{"tiles":{"count":[4,20]},"width":60,"height":60,"data":[0,0,0,0,0,0,0,0,0,0,0,0,0,0,0,0,0,0,0,0,0,0,0,0,0,0,0,0,0,0,0,0,0,0,0,0,0,0,0,0,0,0,0,0,0,0,0,0,0,0,0,0,0,0,0,0,0,0,0,0,0,0,0,0,0,0,0,0,0,0,0,0,0,0,0,0,0,0,0,0,0,0,0,0,0,0,0,0,0,0,0,0,0,0,0,0,0,0,0,0,0,0,0,0,0,0,0,0,0,0,0,0,0,0,0,0,0,0,0,0,0,0,0,0,0,0,0,0,0,0,0,0,0,0,0,0,0,0,0,0,0,0,0,0,0,0,0,0,0,0,0,0,0,0,0,0,0,0,0,0,0,0,0,0,0,0,0,0,0,0,0,0,0,0,0,0,0,0,0,0,0,0,0,0,0,0,0,0,0,0,0,0,0,0,0,0,0,0,0,0,0,0,0,0,0,0,0,0,0,0,0,0,0,0,0,0,0,0,0,0,0,0,0,0,0,0,0,0,0,0,0,0,0,0,0,0,0,0,0,0,0,0,0,0,0,0,0,0,0,0,1,1,1,1,2,4,4,2,4,2,0,0,0,0,0,0,0,0,0,0,0,0,0,0,0,0,0,0,0,0,0,0,0,0,0,0,0,0,0,0,0,0,0,0,0,0,0,0,0,0,0,0,0,0,0,0,0,0,0,0,1,1,1,1,3,5,6,7,5,3,0,0,0,0,0,0,0,0,0,0,0,0,0,0,0,0,0,0,0,0,0,0,0,0,0,0,0,0,0,0,0,0,0,0,0,0,0,0,0,0,0,0,0,0,0,0,0,0,0,0,1,1,1,1,8,9,1,1,4,2,2,4,1,1,1,1,1,1,0,0,0,0,0,0,0,0,0,0,0,0,0,0,0,0,0,0,0,0,0,0,0,0,0,0,0,0,0,0,0,0,0,0,0,0,0,0,0,0,0,0,1,1,1,1,1,10,1,1,5,3,7,6,1,1,1,1,1,1,0,0,0,0,0,0,0,0,0,0,0,0,0,0,0,0,0,0,0,0,0,0,0,0,0,0,0,0,0,0,0,0,0,0,0,0,0,0,0,0,4,2,4,2,1,1,8,9,9,8,1,1,1,1,1,1,1,1,1,1,2,4,2,4,4,2,0,0,0,0,0,0,0,0,0,0,0,0,0,0,0,0,0,0,0,0,0,0,0,0,0,0,0,0,0,0,0,0,0,0,6,7,6,7,1,1,1,10,10,1,1,1,1,1,1,1,1,1,1,1,7,6,7,6,6,7,0,0,0,0,0,0,0,0,0,0,0,0,0,0,0,0,0,0,0,0,0,0,0,0,0,0,0,0,0,0,0,0,0,0,4,2,9,8,9,8,1,1,11,13,14,14,16,17,8,9,1,1,4,2,4,2,1,1,4,2,4,2,1,1,0,0,0,0,0,0,0,0,0,0,0,0,0,0,0,0,0,0,0,0,0,0,0,0,0,0,0,0,0,0,5,3,10,1,10,1,1,1,12,12,15,15,15,15,1,10,1,1,5,3,5,3,1,1,6,7,5,3,1,1,0,0,0,0,0,0,0,0,0,0,0,0,0,0,0,0,0,0,0,0,0,0,0,0,0,0,0,0,0,0,2,4,8,9,1,1,11,13,16,17,14,14,14,14,11,13,1,1,16,17,11,13,16,17,18,20,1,1,1,1,1,1,0,0,0,0,0,0,0,0,0,0,0,0,0,0,0,0,0,0,0,0,0,0,0,0,0,0,0,0,3,5,1,10,1,1,12,12,15,15,15,15,15,15,12,12,1,1,15,15,12,12,15,15,19,21,1,1,1,1,1,1,0,0,0,0,0,0,0,0,0,0,0,0,0,0,0,0,0,0,0,0,0,0,0,0,0,0,0,0,1,1,1,1,8,9,11,13,11,13,22,24,26,28,8,9,18,20,18,20,11,13,14,14,20,18,1,1,1,1,1,1,1,1,0,0,0,0,0,0,0,0,0,0,0,0,0,0,0,0,0,0,0,0,0,0,0,0,0,0,1,1,1,1,1,10,12,12,12,12,23,25,27,29,1,10,19,21,19,21,12,12,15,15,21,19,1,1,1,1,1,1,1,1,0,0,0,0,0,0,0,0,0,0,0,0,0,0,0,0,0,0,0,0,0,0,0,0,31,0,34,34,1,1,1,1,14,14,36,38,36,38,8,9,40,42,42,40,20,18,20,18,18,20,18,20,16,17,1,1,1,1,1,1,1,1,0,0,0,0,0,0,0,0,0,0,0,0,0,0,0,0,0,0,0,0,0,30,32,33,35,35,1,1,1,1,15,15,37,39,37,39,1,10,41,43,43,41,21,19,21,19,19,21,19,21,15,15,1,1,1,1,1,1,1,1,0,0,0,0,0,0,0,0,0,0,0,0,0,0,0,0,0,0,0,0,44,46,48,50,52,54,56,58,1,1,1,1,1,1,8,9,1,1,60,62,62,60,18,20,66,56,22,24,18,20,16,17,11,13,8,9,8,9,4,2,1,1,0,0,0,0,0,0,0,0,0,0,0,0,0,0,0,0,0,0,45,47,49,51,53,55,57,59,1,1,1,1,1,1,1,10,1,1,61,63,64,65,19,21,67,68,23,25,19,21,15,15,12,12,1,10,1,10,6,7,1,1,0,0,0,0,0,0,0,0,0,0,0,0,0,0,0,0,0,0,0,0,0,0,0,0,0,0,1,1,1,1,1,1,8,9,1,1,20,18,1,1,1,1,66,56,36,38,69,69,8,9,11,13,11,13,1,1,2,4,2,4,1,1,0,0,0,0,0,0,0,0,0,0,0,0,0,0,0,0,0,0,0,0,0,0,0,0,1,1,1,1,1,1,1,10,1,1,21,19,1,1,1,1,67,68,37,39,70,70,1,10,12,12,12,12,1,1,7,6,3,5,1,1,0,0,0,0,0,0,0,0,0,0,0,0,0,0,0,0,0,0,2,4,4,2,1,1,1,1,14,14,11,13,66,56,66,56,20,18,20,18,18,20,14,14,18,20,9,8,71,73,1,1,16,17,1,1,1,1,1,1,4,2,0,0,0,0,0,0,0,0,0,0,0,0,0,0,0,0,0,0,3,5,5,3,1,1,1,1,15,15,12,12,67,68,67,68,21,19,21,19,19,21,15,15,19,21,10,1,72,74,1,1,15,15,1,1,1,1,1,1,5,3,0,0,0,0,0,0,0,0,0,0,0,0,0,0,0,0,1,1,4,2,4,2,1,1,18,20,11,13,11,13,14,14,36,38,69,69,1,1,14,14,11,13,14,14,11,13,1,1,1,1,1,1,1,1,18,20,20,18,1,1,1,1,0,0,0,0,0,0,0,0,0,0,0,0,0,0,1,1,6,7,6,7,1,1,19,21,12,12,12,12,15,15,37,39,70,70,1,1,15,15,12,12,15,15,12,12,1,1,1,1,1,1,1,1,19,21,21,19,1,1,1,1,0,0,0,0,0,0,0,0,0,0,0,0,1,1,4,2,4,2,1,1,1,1,18,20,1,1,75,75,75,75,1,1,1,1,1,1,11,13,14,14,16,17,16,17,9,8,1,1,18,20,16,17,16,17,14,14,1,1,1,1,0,0,0,0,0,0,0,0,0,0,0,0,1,1,5,3,6,7,1,1,1,1,19,21,1,1,76,77,76,77,1,1,1,1,1,1,12,12,15,15,15,15,15,15,10,1,1,1,19,21,15,15,15,15,15,15,1,1,1,1,0,0,0,0,0,0,0,0,0,0,0,0,1,1,1,1,1,1,1,1,1,1,1,1,18,20,75,75,1,1,20,18,14,14,1,1,18,20,18,20,9,8,9,8,18,20,14,14,20,18,11,13,14,14,11,13,20,18,1,1,0,0,0,0,0,0,0,0,0,0,0,0,1,1,1,1,1,1,1,1,1,1,1,1,19,21,76,77,1,1,21,19,15,15,1,1,19,21,19,21,10,1,10,1,19,21,15,15,21,19,12,12,15,15,12,12,21,19,1,1,0,0,0,0,0,0,0,0,0,0,0,0,34,34,52,54,56,58,1,1,4,2,2,4,1,1,18,20,1,1,16,17,16,17,1,1,20,18,9,8,9,8,1,1,1,1,1,1,16,17,18,20,16,17,16,17,20,18,1,1,0,0,0,0,0,0,0,0,0,0,0,0,35,35,53,55,57,59,1,1,5,3,7,6,1,1,19,21,1,1,15,15,15,15,1,1,21,19,10,1,10,1,1,1,1,1,1,1,15,15,19,21,15,15,15,15,21,19,1,1,0,0,0,0,0,0,0,0,0,0,0,0,0,0,0,0,0,0,0,0,0,0,0,0,4,2,20,18,20,18,16,17,16,17,18,20,18,20,1,1,1,1,1,1,1,1,1,1,20,18,1,1,20,18,1,1,20,18,1,1,0,0,0,0,0,0,0,0,0,0,0,0,0,0,0,0,0,0,0,0,0,0,0,0,6,7,21,19,21,19,15,15,15,15,19,21,19,21,1,1,1,1,1,1,1,1,1,1,21,19,1,1,21,19,1,1,21,19,1,1,0,0,0,0,0,0,0,0,0,0,0,0,0,0,0,0,0,0,0,0,31,0,0,0,2,4,20,18,1,1,1,1,20,18,1,1,1,1,1,1,1,1,1,1,1,1,1,1,1,1,18,20,20,18,18,20,1,1,1,1,0,0,0,0,0,0,0,0,0,0,0,0,0,0,0,0,0,0,0,30,32,33,0,0,3,5,21,19,1,1,1,1,21,19,1,1,1,1,1,1,1,1,1,1,1,1,1,1,1,1,19,21,21,19,19,21,1,1,1,1,0,0,0,0,0,0,0,0,0,0,0,0,0,0,0,0,0,0,44,46,48,50,52,54,56,58,1,1,20,18,1,1,4,2,2,4,1,1,1,1,0,0,0,0,1,1,1,1,1,1,1,1,2,4,1,1,1,1,1,1,1,1,0,0,0,0,0,0,0,0,0,0,0,0,0,0,0,0,45,47,49,51,53,55,57,59,1,1,21,19,1,1,6,7,7,6,1,1,1,1,0,0,0,0,1,1,1,1,1,1,1,1,7,6,1,1,1,1,1,1,1,1,0,0,0,0,0,0,0,0,0,0,0,0,0,0,0,0,0,0,34,34,0,0,1,1,1,1,1,1,4,2,2,4,1,1,1,1,0,0,0,0,0,0,0,0,0,0,1,1,1,1,1,1,4,2,2,4,1,1,1,1,0,0,0,0,0,0,0,0,0,0,0,0,0,0,0,0,0,0,35,35,0,0,1,1,1,1,1,1,5,3,7,6,1,1,1,1,0,0,0,0,0,0,0,0,0,0,1,1,1,1,1,1,5,3,3,5,1,1,1,1,0,0,0,0,0,0,0,0,0,0,0,0,0,0,0,0,0,0,0,0,0,0,0,0,1,1,1,1,1,1,1,1,1,1,0,0,0,0,0,0,0,0,0,0,0,0,0,0,0,0,1,1,1,1,1,1,1,1,1,1,1,1,0,0,0,0,0,0,0,0,0,0,0,0,0,0,0,0,0,0,0,0,0,0,1,1,1,1,1,1,1,1,1,1,0,0,0,0,0,0,0,0,0,0,0,0,0,0,0,0,1,1,1,1,1,1,1,1,1,1,1,1,0,0,0,0,0,0,0,0,0,0,0,0,0,0,0,0,0,0,0,0,1,1,1,1,1,1,1,1,0,0,0,0,0,0,0,0,0,0,0,0,0,0,0,0,0,0,78,78,0,0,0,0,0,0,1,1,1,1,1,1,1,1,0,0,0,0,0,0,0,0,0,0,0,0,0,0,0,0,0,0,1,1,1,1,1,1,1,1,0,0,0,0,0,0,0,0,0,0,0,0,0,0,0,0,0,0,79,79,0,0,0,0,0,0,1,1,1,1,1,1,1,1,0,0,0,0,0,0,0,0,0,0,0,0,0,0,1,1,4,2,4,2,1,1,1,1,0,0,0,0,0,0,0,0,0,0,0,0,0,0,0,0,0,0,0,0,0,0,0,0,0,0,0,0,0,0,0,0,1,1,1,1,2,4,0,0,0,0,0,0,0,0,0,0,0,0,1,1,6,7,6,7,1,1,1,1,0,0,0,0,0,0,0,0,0,0,0,0,0,0,0,0,0,0,0,0,0,0,0,0,0,0,0,0,0,0,0,0,1,1,1,1,3,5,0,0,0,0,0,0,0,0,0,0,1,1,2,4,4,2,1,1,1,1,1,1,0,0,0,0,0,0,0,0,0,0,0,0,0,0,0,0,0,0,0,0,0,0,0,0,0,0,0,0,0,0,0,0,4,2,1,1,1,1,0,0,0,0,0,0,0,0,0,0,1,1,7,6,5,3,1,1,1,1,1,1,0,0,0,0,0,0,0,0,0,0,0,0,0,0,0,0,0,0,0,0,0,0,0,0,0,0,0,0,0,0,0,0,6,7,1,1,1,1,0,0,0,0,0,0,0,0,0,0,1,1,1,1,1,1,1,1,4,2,1,1,0,0,0,0,0,0,0,0,0,0,0,0,0,0,0,0,0,0,0,0,0,0,0,0,0,0,0,0,0,0,0,0,1,1,1,1,4,2,0,0,0,0,0,0,0,0,0,0,1,1,1,1,1,1,1,1,6,7,1,1,0,0,0,0,0,0,0,0,0,0,0,0,0,0,0,0,0,0,0,0,0,0,0,0,0,0,0,0,0,0,0,0,1,1,1,1,6,7,0,0,0,0,0,0,0,0,0,0,1,1,1,1,1,1,4,2,1,1,0,0,0,0,0,0,0,0,0,0,0,0,0,0,0,0,0,0,0,0,0,0,0,0,0,0,0,0,0,0,0,0,0,0,0,0,1,1,0,0,0,0,0,0,0,0,0,0,0,0,1,1,1,1,1,1,6,7,1,1,0,0,0,0,0,0,0,0,0,0,0,0,0,0,0,0,0,0,0,0,0,0,0,0,0,0,0,0,0,0,0,0,0,0,0,0,1,1,0,0,0,0,0,0,0,0,0,0,0,0,0,0,0,0,0,0,0,0,0,0,0,0,0,0,0,0,0,0,0,0,0,0,0,0,0,0,0,0,0,0,0,0,0,0,0,0,0,0,0,0,0,0,0,0,0,0,0,0,0,0,0,0,0,0,0,0,0,0,0,0,0,0,0,0,0,0,0,0,0,0,0,0,0,0,0,0,0,0,0,0,0,0,0,0,0,0,0,0,0,0,0,0,0,0,0,0,0,0,0,0,0,0,0,0,0,0,0,0,0,0,0,0,0,0,0,0,0,0,0,0,0,0,0,0,0,0,0,0,0,0,0,0,0,0,0,0,0,0,0,0,0,0,0,0,0,0,0,0,0,0,0,0,0,0,0,0,0,0,0,0,0,0,0,0,0,0,0,0,0,0,0,0,0,0,0,0,0,0,0,0,0,0,0,0,0,0,0,0,0,0,0,0,0,0,0,0,0,0,0,0,0,0,0,0,0,0,0,0,0,0,0,0,0,0,0,0,0,0,0,0,0,0,0,0,0,0,0,0,0,0,0,0,0,0,0,0,0,0,0,0,0,0,0,0,0,0,0,0,0,0,0,0,0,0,0,0,0,0,0,0,0,0,0,0,0,0,0,0,0,0,0,0,0,0,0,0,0,0,0,0,0,0,0,0,0,0,0,0,0,0,0,0,0,0,0,0,0,0,0,0,0,0,0,0,0,0,0,0,0,0,0,0,0,0,0,0,0,0,0,0,0,0,0,0,0,0,0,0,0,0,0,0,0,0,0,0,0,0,0,0,0,0,0,0,0,0,0,0,0,0,0,0,0,0,0,0,0,0,0,0,0,0,0,0,0,0,0,0,0,0,0,0,0,0,0,0,0,0,0,0,0,0,0,0,0,0,0,0,0,0,0,0,0,0,0,0,0,0,0,0,0,0,0,0,0,0,0,0,0,0,0,0,0,0,0,0,0,0,0,0,0,0,0,0,0,0,0,0,0,0,0,0,0,0,0,0,0,0,0,0,0,0,0,0,0,0,0,0,0,0,0,0,0,0,0,0,0,0,0,0,0,0,0,0,0,0,0,0,0,0,0,0]},"has_attributes":true,"attributes":{"tiles":{"count":[16,16]},"width":60,"height":60,"data":[3,3,3,3,3,3,3,3,3,3,3,3,3,3,3,3,3,3,3,3,3,3,3,3,3,3,3,3,3,3,3,3,3,3,3,3,3,3,3,3,3,3,3,3,3,3,3,3,3,3,3,3,3,3,3,3,3,3,3,3,3,3,3,3,3,3,3,3,3,3,3,3,3,3,3,3,3,3,3,3,3,3,3,3,3,3,3,3,3,3,3,3,3,3,3,3,3,3,3,3,3,3,3,3,3,3,3,3,3,3,3,3,3,3,3,3,3,3,3,3,3,3,3,3,3,3,3,3,2,2,2,2,2,2,2,2,2,2,2,2,2,2,3,3,3,3,3,3,3,3,3,3,3,3,3,3,3,3,3,3,3,3,3,3,3,3,3,3,3,3,3,3,3,3,3,3,3,3,3,3,3,3,3,3,3,3,3,3,2,2,2,2,2,2,2,2,2,2,2,2,2,2,3,3,3,3,3,3,3,3,3,3,3,3,3,3,3,3,3,3,3,3,3,3,3,3,3,3,3,3,3,3,3,3,3,3,3,3,3,3,3,3,3,3,3,3,3,3,2,2,1,1,1,1,1,1,33,33,33,33,2,2,2,2,2,2,2,2,2,2,3,3,3,3,3,3,3,3,3,3,3,3,3,3,3,3,3,3,3,3,3,3,3,3,3,3,3,3,3,3,3,3,3,3,3,3,3,3,2,2,1,1,1,1,1,1,1,1,33,33,2,2,2,2,2,2,2,2,2,2,3,3,3,3,3,3,3,3,3,3,3,3,3,3,3,3,3,3,3,3,3,3,3,3,3,3,3,3,3,3,3,3,3,3,3,3,2,2,2,2,1,1,1,1,1,1,1,1,33,33,1,1,1,1,1,1,1,1,2,2,2,2,2,2,2,2,3,3,3,3,3,3,3,3,3,3,3,3,3,3,3,3,3,3,3,3,3,3,3,3,3,3,3,3,3,3,2,2,2,2,1,1,1,1,1,1,1,1,33,33,33,33,1,1,1,1,1,1,2,2,2,2,2,2,2,2,3,3,3,3,3,3,3,3,3,3,3,3,3,3,3,3,3,3,3,3,3,3,3,3,3,3,3,3,3,3,2,2,33,33,33,33,1,1,0,0,32,32,0,0,1,1,1,1,1,1,1,1,1,1,1,1,33,33,2,2,2,2,2,2,3,3,3,3,3,3,3,3,3,3,3,3,3,3,3,3,3,3,3,3,3,3,3,3,3,3,2,2,1,1,1,1,1,1,0,0,32,0,0,0,1,1,1,1,1,1,1,1,33,33,33,33,1,1,2,2,2,2,2,2,3,3,3,3,3,3,3,3,3,3,3,3,3,3,3,3,3,3,3,3,3,3,3,3,3,3,2,2,33,33,33,33,33,33,0,0,0,0,0,32,0,0,0,0,0,0,32,32,32,32,0,0,33,33,33,33,1,1,2,2,2,2,3,3,3,3,3,3,3,3,3,3,3,3,3,3,3,3,3,3,3,3,3,3,3,3,2,2,33,33,33,1,33,1,0,0,0,32,0,32,0,32,0,0,0,0,32,32,32,32,0,0,1,1,33,33,1,1,2,2,2,2,3,3,3,3,3,3,3,3,3,3,3,3,3,3,3,3,3,3,3,3,3,3,3,3,2,2,1,1,0,0,0,0,0,0,0,0,0,32,0,32,0,0,0,0,0,0,0,0,0,0,0,0,0,0,1,1,1,1,2,2,2,2,3,3,3,3,3,3,3,3,3,3,3,3,3,3,3,3,3,3,3,3,3,3,2,2,1,1,0,0,0,0,0,32,0,32,0,32,0,32,0,32,0,0,0,32,0,32,0,32,0,0,0,0,1,1,1,1,2,2,2,2,3,3,3,3,3,3,3,3,3,3,3,3,3,3,3,3,3,3,3,3,3,3,2,2,1,1,1,1,0,0,0,0,0,0,0,0,0,0,0,0,0,0,0,0,0,0,0,32,32,32,0,0,0,0,1,1,1,1,2,2,2,2,3,3,3,3,3,3,3,3,3,3,3,3,3,3,3,3,3,3,3,3,2,2,1,1,1,1,0,0,0,32,0,32,0,0,0,0,0,0,0,0,0,0,0,32,0,32,32,32,0,0,0,0,1,1,1,1,2,2,2,2,3,3,3,3,3,3,3,3,3,3,3,3,3,3,3,3,3,3,3,3,2,2,2,34,1,1,0,0,0,32,0,0,0,0,0,0,0,0,32,32,32,32,32,32,0,0,0,0,0,0,0,0,0,0,1,1,1,1,2,2,2,2,3,3,3,3,3,3,3,3,3,3,3,3,3,3,3,3,3,3,2,2,2,34,1,1,0,0,0,32,0,0,0,0,0,0,0,0,32,32,32,32,32,32,0,0,0,0,0,32,0,0,0,0,1,1,1,1,2,2,2,2,3,3,3,3,3,3,3,3,3,3,3,3,3,3,3,3,2,2,2,2,2,2,1,1,1,1,0,0,0,0,0,0,0,0,0,0,32,32,0,0,0,32,0,0,0,0,0,0,0,0,0,0,0,0,33,33,1,1,2,2,2,2,3,3,3,3,3,3,3,3,3,3,3,3,3,3,2,2,2,2,2,2,1,1,1,1,0,0,0,0,0,0,0,0,0,0,0,0,0,0,0,0,0,0,0,0,0,32,0,32,0,0,0,0,1,1,1,1,2,2,2,2,3,3,3,3,3,3,3,3,3,3,3,3,3,3,2,2,2,2,2,2,2,2,1,1,0,0,0,0,0,0,0,0,32,32,0,0,0,0,0,32,0,0,0,32,0,0,0,0,0,0,0,0,0,0,1,1,1,1,2,2,3,3,3,3,3,3,3,3,3,3,3,3,3,3,2,2,2,2,2,2,2,2,1,1,0,0,0,0,0,0,0,0,32,32,0,0,0,0,0,0,0,0,0,32,0,0,0,32,0,32,0,0,32,32,1,1,1,1,2,2,3,3,3,3,3,3,3,3,3,3,3,3,2,2,2,2,1,1,33,33,1,1,1,1,0,32,0,0,0,32,0,32,32,32,32,32,0,0,0,32,0,0,32,32,0,0,0,0,0,0,0,0,0,0,0,0,33,33,2,2,2,2,3,3,3,3,3,3,3,3,3,3,2,2,2,2,1,1,33,33,1,1,1,1,0,32,0,32,0,0,0,0,32,32,32,32,0,0,0,32,0,0,32,0,0,0,0,0,0,32,0,0,0,0,0,0,33,33,2,2,2,2,3,3,3,3,3,3,3,3,2,2,2,2,1,1,33,33,33,33,0,0,0,0,0,0,0,0,0,32,0,0,0,32,0,0,0,32,0,0,0,32,0,0,0,0,0,0,0,0,0,0,0,0,32,32,1,1,1,1,2,2,3,3,3,3,3,3,3,3,2,2,2,2,1,1,1,1,1,1,0,0,0,0,0,32,0,32,0,32,0,0,0,32,0,0,0,32,0,32,0,32,0,32,0,0,0,0,0,0,0,0,0,0,32,32,1,1,1,1,2,2,3,3,3,3,3,3,3,3,2,2,1,1,33,33,33,33,0,0,0,0,0,0,0,0,0,32,0,32,0,0,0,0,0,0,0,0,0,32,0,0,0,0,32,32,0,0,0,0,0,0,0,0,0,32,0,0,1,1,2,2,3,3,3,3,3,3,3,3,2,2,1,1,33,33,1,1,0,0,0,0,0,0,0,0,0,0,0,0,0,0,0,0,0,0,0,32,0,32,0,32,0,32,32,0,0,0,0,0,0,32,0,32,0,32,0,0,1,1,2,2,3,3,3,3,3,3,3,3,2,2,1,1,1,1,1,1,1,1,0,0,0,0,0,0,0,32,0,0,32,32,0,32,0,0,0,0,0,0,32,32,32,32,0,0,0,32,32,32,0,0,0,32,0,0,32,32,1,1,2,2,3,3,3,3,3,3,3,3,2,2,1,1,1,1,1,1,1,1,0,0,0,0,0,0,0,0,0,0,32,32,0,32,0,0,0,0,0,0,32,0,32,0,0,0,0,32,32,32,0,32,0,32,0,32,32,32,1,1,2,2,3,3,3,3,3,3,3,3,2,2,2,34,1,1,1,1,1,1,33,33,1,1,1,1,0,0,0,0,0,0,0,0,0,0,32,32,32,32,32,32,0,0,0,0,0,0,0,0,0,0,0,0,0,0,32,32,1,1,2,2,3,3,3,3,3,3,3,3,2,2,2,34,1,1,1,1,1,1,33,33,33,33,1,1,0,0,0,0,0,32,0,32,0,0,32,32,32,0,32,0,0,0,0,0,0,0,0,32,0,0,0,32,0,32,32,32,1,1,2,2,3,3,3,3,3,3,3,3,3,3,2,2,2,2,2,2,2,2,2,2,2,2,33,33,33,33,32,32,0,0,0,0,0,0,0,0,0,0,1,1,1,1,1,1,0,0,32,32,0,0,32,32,0,0,32,32,1,1,2,2,3,3,3,3,3,3,3,3,3,3,2,2,2,2,2,2,2,2,2,2,2,2,1,1,33,33,32,32,0,32,0,32,0,0,0,0,0,0,1,1,1,1,1,1,0,0,32,32,0,0,32,32,0,0,32,32,1,1,2,2,3,3,3,3,3,3,3,3,3,3,3,3,3,3,3,3,3,3,3,3,2,2,1,1,33,33,0,0,0,0,32,32,0,0,0,0,1,1,1,1,1,1,1,1,1,1,1,1,1,1,33,33,1,1,0,0,1,1,2,2,2,2,3,3,3,3,3,3,3,3,3,3,3,3,3,3,3,3,3,3,2,2,1,1,33,33,0,0,0,0,32,32,0,0,0,0,1,1,1,1,1,1,1,1,1,1,1,1,1,1,33,33,1,1,0,0,1,1,2,2,2,2,3,3,3,3,3,3,3,3,3,3,3,3,3,3,2,2,2,2,2,2,1,1,0,0,32,32,0,0,32,32,1,1,1,1,1,1,2,2,2,2,1,1,1,1,1,1,1,1,1,1,1,1,1,1,1,1,1,1,2,2,3,3,3,3,3,3,3,3,3,3,3,3,3,3,2,2,2,2,2,2,1,1,0,0,32,32,0,0,0,0,33,33,1,1,1,1,2,2,2,2,1,1,1,1,1,1,1,1,33,33,1,1,1,1,1,1,1,1,2,2,3,3,3,3,3,3,3,3,3,3,3,3,3,3,3,3,2,34,2,2,1,1,1,1,0,0,32,32,1,1,1,1,1,1,2,2,2,2,2,2,2,2,2,2,1,1,1,1,1,1,33,33,1,1,1,1,1,1,2,2,2,2,3,3,3,3,3,3,3,3,3,3,3,3,3,3,2,34,2,2,1,1,1,1,0,0,32,32,33,33,1,1,1,1,2,2,2,2,2,2,2,2,2,2,1,1,1,1,1,1,33,33,1,1,1,1,1,1,2,2,2,2,3,3,3,3,3,3,3,3,3,3,3,3,3,3,2,2,2,2,2,2,1,1,1,1,1,1,1,1,1,1,2,2,2,2,3,3,3,3,3,3,2,2,2,2,2,2,1,1,1,1,1,1,1,1,1,1,1,1,2,2,2,2,3,3,3,3,3,3,3,3,3,3,3,3,2,2,2,2,2,2,1,1,1,1,1,1,1,1,1,1,2,2,2,2,3,3,3,3,3,3,2,2,2,2,2,2,1,1,1,1,1,1,1,1,1,1,1,1,2,2,2,2,3,3,3,3,3,3,3,3,3,3,2,2,2,2,2,2,1,1,1,1,1,1,1,1,2,2,2,2,2,2,3,3,3,3,3,3,3,3,3,3,3,3,2,34,2,2,2,2,2,2,1,1,1,1,1,1,1,1,2,2,2,2,3,3,3,3,3,3,3,3,2,2,2,2,2,2,1,1,1,1,1,1,1,1,2,2,2,2,2,2,3,3,3,3,3,3,3,3,3,3,3,3,2,34,2,2,2,2,2,2,1,1,1,1,1,1,1,1,2,2,2,2,3,3,3,3,3,3,2,2,2,2,1,1,33,33,33,33,1,1,1,1,2,2,2,2,3,3,3,3,3,3,3,3,3,3,3,3,3,3,3,3,3,3,3,3,3,3,2,2,2,2,2,2,1,1,1,1,1,1,2,2,3,3,3,3,3,3,2,2,2,2,1,1,1,1,1,1,1,1,1,1,2,2,2,2,3,3,3,3,3,3,3,3,3,3,3,3,3,3,3,3,3,3,3,3,3,3,2,2,2,2,2,2,1,1,1,1,1,1,2,2,3,3,3,3,3,3,2,2,1,1,1,1,32,32,0,0,0,0,1,1,2,2,3,3,3,3,3,3,3,3,3,3,3,3,3,3,3,3,3,3,3,3,3,3,3,3,3,3,3,3,2,2,33,33,1,1,1,1,2,2,3,3,3,3,3,3,2,2,1,1,33,33,32,32,0,0,0,0,1,1,2,2,3,3,3,3,3,3,3,3,3,3,3,3,3,3,3,3,3,3,3,3,3,3,3,3,3,3,3,3,2,2,1,1,1,1,1,1,2,2,3,3,3,3,3,3,2,2,1,1,1,1,1,1,0,0,33,33,1,1,2,2,3,3,3,3,3,3,3,3,3,3,3,3,3,3,3,3,3,3,3,3,3,3,3,3,3,3,3,3,2,2,1,1,1,1,33,33,2,2,3,3,3,3,3,3,2,2,1,1,1,1,1,1,0,0,1,1,1,1,2,2,3,3,3,3,3,3,3,3,3,3,3,3,3,3,3,3,3,3,3,3,3,3,3,3,3,3,3,3,2,2,1,1,1,1,1,1,2,2,3,3,3,3,3,3,2,2,1,1,1,1,1,1,33,33,1,1,2,2,2,2,3,3,3,3,3,3,3,3,3,3,3,3,3,3,3,3,3,3,3,3,3,3,3,3,3,3,3,3,2,2,2,2,1,1,2,2,2,2,3,3,3,3,3,3,2,2,1,1,1,1,1,1,1,1,1,1,2,2,2,2,3,3,3,3,3,3,3,3,3,3,3,3,3,3,3,3,3,3,3,3,3,3,3,3,3,3,3,3,2,2,2,2,1,1,2,2,2,2,3,3,3,3,3,3,2,2,2,2,2,2,2,2,2,2,2,2,2,2,3,3,3,3,3,3,3,3,3,3,3,3,3,3,3,3,3,3,3,3,3,3,3,3,3,3,3,3,3,3,3,3,2,2,2,2,2,2,3,3,3,3,3,3,3,3,2,2,2,2,2,2,2,2,2,2,2,2,2,2,3,3,3,3,3,3,3,3,3,3,3,3,3,3,3,3,3,3,3,3,3,3,3,3,3,3,3,3,3,3,3,3,2,2,2,2,2,2,3,3,3,3,3,3,3,3,3,3,3,3,3,3,3,3,3,3,3,3,3,3,3,3,3,3,3,3,3,3,3,3,3,3,3,3,3,3,3,3,3,3,3,3,3,3,3,3,3,3,3,3,3,3,3,3,3,3,3,3,3,3,3,3,3,3,3,3,3,3,3,3,3,3,3,3,3,3,3,3,3,3,3,3,3,3,3,3,3,3,3,3,3,3,3,3,3,3,3,3,3,3,3,3,3,3,3,3,3,3,3,3,3,3,3,3,3,3,3,3,3,3,3,3,3,3,3,3,3,3,3,3,3,3,3,3,3,3,3,3,3,3,3,3,3,3,3,3,3,3,3,3,3,3,3,3,3,3,3,3,3,3,3,3,3,3,3,3,3,3,3,3,3,3,3,3,3,3,3,3,3,3,3,3,3,3,3,3,3,3,3,3,3,3,3,3,3,3,3,3,3,3,3,3,3,3,3,3,3,3,3,3,3,3,3,3,3,3,3,3,3,3,3,3,3,3,3,3,3,3,3,3,3,3,3,3,3,3,3,3,3,3,3,3,3,3,3,3,3,3,3,3,3,3,3,3,3,3,3,3,3,3,3,3,3,3,3,3,3,3,3,3,3,3,3,3,3,3,3,3,3,3,3,3,3,3,3,3,3,3,3,3,3,3,3,3,3,3,3,3,3,3,3,3,3,3,3,3,3,3,3,3,3,3,3,3,3,3,3,3,3,3,3,3,3,3,3,3,3,3,3,3,3,3,3,3,3,3,3,3,3,3,3,3,3,3,3,3,3,3,3,3,3,3,3,3,3,3,3,3,3,3]},"name":"Map0","magnification":-1,"optimize":true}
</map>
<actor page="0">
{"figure":0,"name":"Player","magnification":1,"as_actor":true,"definition":{"enabled":true,"hidden":false,"pinned":false,"persistent":true,"following":true,"direction":0,"behaviour":"none","life_time":0,"initial_offset":0,"bounds":{"left":-8,"right":7,"top":-8,"bottom":7},"sprite_bank":0,"sprite_frames":0,"animation_interval":15,"animations":[{"begin":8,"end":8},{"begin":10,"end":10},{"begin":9,"end":9},{"begin":11,"end":11},{"begin":0,"end":1},{"begin":4,"end":5},{"begin":2,"end":3},{"begin":6,"end":7}],"move_speed":16,"collision_group":0},"frames":{"is_8x16":true,"count":12,"data":[{"anchor":{"x":8,"y":8},"pixels":{"width":16,"height":16,"depth":2,"data":[0,0,0,0,0,0,0,0,0,0,0,0,0,0,0,0,0,0,0,0,0,0,0,0,0,3,3,0,0,0,0,0,0,0,0,0,3,3,3,3,3,1,1,3,3,0,0,0,0,0,0,3,1,1,1,1,1,2,2,1,3,0,0,0,0,0,0,3,1,2,2,2,2,2,2,1,3,0,0,0,0,0,3,1,2,2,3,3,3,3,2,2,1,3,0,0,0,0,3,2,3,3,1,1,1,1,3,3,2,3,0,0,0,0,3,2,3,1,3,1,1,3,1,3,2,3,0,0,0,0,0,3,1,2,3,1,1,3,2,1,3,0,0,0,0,0,0,3,1,1,1,1,1,1,1,1,3,0,0,0,0,0,0,0,3,2,1,1,1,1,2,3,0,0,0,0,0,0,0,3,3,2,3,3,3,3,2,2,3,3,0,0,0,0,3,1,1,3,3,3,2,2,3,3,2,3,0,0,0,0,3,1,1,3,3,3,2,2,1,2,3,3,0,0,0,0,0,3,3,3,3,3,3,3,2,2,3,0,0,0,0,0,0,3,3,3,3,0,0,3,3,3,3,0,0,0]},"properties":{"width":2,"height":2,"depth":8,"data":[0,0,0,0]}},{"anchor":{"x":8,"y":8},"pixels":{"width":16,"height":16,"depth":2,"data":[0,0,0,0,0,0,0,0,0,0,0,0,0,0,0,0,0,0,0,0,0,0,0,0,0,3,3,0,0,0,0,0,0,0,0,0,3,3,3,3,3,1,1,3,3,0,0,0,0,0,0,3,1,1,1,1,1,2,2,1,3,0,0,0,0,0,0,3,1,2,2,2,2,2,2,1,3,0,0,0,0,0,3,1,2,2,3,3,3,3,2,2,1,3,0,0,0,0,3,2,3,3,1,1,1,1,3,3,2,3,0,0,0,0,3,2,3,1,3,1,1,3,1,3,2,3,0,0,0,0,0,3,1,2,3,1,1,3,2,1,3,0,0,0,0,0,0,3,1,1,1,1,1,1,1,1,3,0,0,0,0,0,0,0,3,2,1,1,1,1,2,3,0,0,0,0,0,0,3,3,2,2,3,3,3,3,2,3,3,0,0,0,0,0,3,2,3,3,3,3,2,2,3,1,1,3,0,0,0,0,3,3,1,2,3,3,2,2,3,1,1,3,0,0,0,0,0,3,2,2,3,3,3,3,3,3,3,0,0,0,0,0,0,3,3,3,3,0,0,3,3,3,3,0,0,0]},"properties":{"width":2,"height":2,"depth":8,"data":[0,0,0,0]}},{"anchor":{"x":8,"y":8},"pixels":{"width":16,"height":16,"depth":2,"data":[0,0,0,0,0,0,0,0,0,0,0,0,0,0,0,0,0,0,0,0,0,3,3,0,0,0,0,0,0,0,0,0,0,0,0,3,3,1,1,3,3,3,3,3,0,0,0,0,0,0,0,3,1,1,1,1,1,1,1,1,3,0,0,0,0,0,0,3,1,2,2,1,1,1,1,1,3,0,0,0,0,0,3,1,1,2,2,2,2,2,2,1,1,3,0,0,0,0,3,1,2,2,2,2,2,2,2,2,1,3,0,0,0,0,3,2,2,2,2,2,2,2,2,2,2,3,0,0,0,0,0,3,2,2,2,2,2,2,2,2,3,0,0,0,0,0,0,3,2,2,2,2,2,2,2,2,3,0,0,0,0,0,0,0,3,2,2,2,2,2,2,3,0,0,0,0,0,0,0,3,3,3,3,3,3,3,3,2,3,3,0,0,0,0,3,1,1,3,3,3,2,2,3,3,2,3,0,0,0,0,3,1,1,3,3,3,2,2,1,2,3,3,0,0,0,0,0,3,3,3,3,3,3,3,2,2,3,0,0,0,0,0,0,3,3,3,3,0,0,3,3,3,3,0,0,0]},"properties":{"width":2,"height":2,"depth":8,"data":[0,0,0,0]}},{"anchor":{"x":8,"y":8},"pixels":{"width":16,"height":16,"depth":2,"data":[0,0,0,0,0,0,0,0,0,0,0,0,0,0,0,0,0,0,0,0,0,3,3,0,0,0,0,0,0,0,0,0,0,0,0,3,3,1,1,3,3,3,3,3,0,0,0,0,0,0,0,3,1,1,1,1,1,1,1,1,3,0,0,0,0,0,0,3,1,2,2,1,1,1,1,1,3,0,0,0,0,0,3,1,1,2,2,2,2,2,2,1,1,3,0,0,0,0,3,1,2,2,2,2,2,2,2,2,1,3,0,0,0,0,3,2,2,2,2,2,2,2,2,2,2,3,0,0,0,0,0,3,2,2,2,2,2,2,2,2,3,0,0,0,0,0,0,3,2,2,2,2,2,2,2,2,3,0,0,0,0,0,0,0,3,2,2,2,2,2,2,3,0,0,0,0,0,0,3,3,2,3,3,3,3,3,3,3,3,0,0,0,0,0,3,2,3,3,3,3,2,2,3,1,1,3,0,0,0,0,3,3,1,2,3,3,2,2,3,1,1,3,0,0,0,0,0,3,2,2,3,3,3,3,3,3,3,0,0,0,0,0,0,3,3,3,3,0,0,3,3,3,3,0,0,0]},"properties":{"width":2,"height":2,"depth":8,"data":[0,0,0,0]}},{"anchor":{"x":8,"y":8},"pixels":{"width":16,"height":16,"depth":2,"data":[0,0,0,0,0,0,0,0,0,0,0,0,0,0,0,0,0,0,0,0,0,3,3,0,0,0,0,0,0,0,0,0,0,0,0,0,3,1,1,3,3,3,3,3,0,0,0,0,0,0,0,3,1,2,2,1,1,1,1,1,3,0,0,0,0,0,0,3,1,2,2,2,2,2,2,1,3,0,0,0,0,0,3,1,2,2,2,2,2,3,2,2,1,3,0,0,0,0,3,2,2,2,2,2,3,1,3,2,2,3,0,0,0,0,3,2,2,2,2,3,1,3,1,3,3,3,0,0,0,0,0,3,2,2,3,1,2,3,1,1,3,0,0,0,0,0,0,3,2,3,1,1,1,1,1,1,3,0,0,0,0,0,0,0,3,2,1,1,1,1,2,3,0,0,0,0,0,0,3,3,2,2,3,3,3,3,2,3,3,0,0,0,0,0,3,2,3,3,3,3,2,2,3,1,1,3,0,0,0,0,3,3,1,2,3,3,2,2,3,1,1,3,0,0,0,0,0,3,2,2,3,3,3,3,3,3,3,0,0,0,0,0,0,3,3,3,3,0,0,3,3,3,3,0,0,0]},"properties":{"width":2,"height":2,"depth":8,"data":[0,0,0,0]}},{"anchor":{"x":8,"y":8},"pixels":{"width":16,"height":16,"depth":2,"data":[0,0,0,0,0,0,0,0,0,0,0,0,0,0,0,0,0,0,0,0,0,3,3,0,0,0,0,0,0,0,0,0,0,0,0,0,3,1,1,3,3,3,3,3,0,0,0,0,0,0,0,3,1,2,2,1,1,1,1,1,3,0,0,0,0,0,0,3,1,2,2,2,2,2,2,1,3,0,0,0,0,0,3,1,2,2,2,2,2,3,2,2,1,3,0,0,0,0,3,2,2,2,2,2,3,1,3,2,2,3,0,0,0,0,3,2,2,2,2,3,1,3,1,3,3,3,0,0,0,0,0,3,2,2,3,1,2,3,1,1,3,0,0,0,0,0,0,3,2,3,1,1,1,1,1,1,3,0,0,0,0,0,0,0,3,2,1,1,1,1,2,3,0,0,0,0,0,0,0,3,3,2,3,3,3,3,2,2,3,3,0,0,0,0,3,1,1,3,3,3,2,2,3,3,2,3,0,0,0,0,3,1,1,3,3,3,2,2,1,2,3,3,0,0,0,0,0,3,3,3,3,3,3,3,2,2,3,0,0,0,0,0,0,3,3,3,3,0,0,3,3,3,3,0,0,0]},"properties":{"width":2,"height":2,"depth":8,"data":[0,0,0,0]}},{"anchor":{"x":8,"y":8},"pixels":{"width":16,"height":16,"depth":2,"data":[0,0,0,0,0,0,0,0,0,0,0,0,0,0,0,0,0,0,0,0,0,0,0,0,0,3,3,0,0,0,0,0,0,0,0,0,3,3,3,3,3,1,1,3,0,0,0,0,0,0,0,3,1,1,1,1,1,2,2,1,3,0,0,0,0,0,0,3,1,2,2,2,2,2,2,1,3,0,0,0,0,0,3,1,2,2,3,2,2,2,2,2,1,3,0,0,0,0,3,2,2,3,1,3,2,2,2,2,2,3,0,0,0,0,3,3,3,1,3,1,3,2,2,2,2,3,0,0,0,0,0,3,1,1,3,2,1,3,2,2,3,0,0,0,0,0,0,3,1,1,1,1,1,1,3,2,3,0,0,0,0,0,0,0,3,2,1,1,1,1,2,3,0,0,0,0,0,0,0,3,3,2,3,3,3,3,2,2,3,3,0,0,0,0,3,1,1,3,2,2,3,3,3,3,2,3,0,0,0,0,3,1,1,3,2,2,3,3,2,1,3,3,0,0,0,0,0,3,3,3,3,3,3,3,2,2,3,0,0,0,0,0,0,3,3,3,3,0,0,3,3,3,3,0,0,0]},"properties":{"width":2,"height":2,"depth":8,"data":[0,0,0,0]}},{"anchor":{"x":8,"y":8},"pixels":{"width":16,"height":16,"depth":2,"data":[0,0,0,0,0,0,0,0,0,0,0,0,0,0,0,0,0,0,0,0,0,0,0,0,0,3,3,0,0,0,0,0,0,0,0,0,3,3,3,3,3,1,1,3,0,0,0,0,0,0,0,3,1,1,1,1,1,2,2,1,3,0,0,0,0,0,0,3,1,2,2,2,2,2,2,1,3,0,0,0,0,0,3,1,2,2,3,2,2,2,2,2,1,3,0,0,0,0,3,2,2,3,1,3,2,2,2,2,2,3,0,0,0,0,3,3,3,1,3,1,3,2,2,2,2,3,0,0,0,0,0,3,1,1,3,2,1,3,2,2,3,0,0,0,0,0,0,3,1,1,1,1,1,1,3,2,3,0,0,0,0,0,0,0,3,2,1,1,1,1,2,3,0,0,0,0,0,0,3,3,2,2,3,3,3,3,2,3,3,0,0,0,0,0,3,2,3,3,2,2,3,3,3,1,1,3,0,0,0,0,3,3,2,1,2,2,3,3,3,1,1,3,0,0,0,0,0,3,2,2,3,3,3,3,3,3,3,0,0,0,0,0,0,3,3,3,3,0,0,3,3,3,3,0,0,0]},"properties":{"width":2,"height":2,"depth":8,"data":[0,0,0,0]}},{"anchor":{"x":8,"y":8},"pixels":{"width":16,"height":16,"depth":2,"data":[0,0,0,0,0,0,0,0,0,0,0,0,0,0,0,0,0,0,0,0,0,0,0,0,0,3,3,0,0,0,0,0,0,0,0,0,3,3,3,3,3,1,1,3,3,0,0,0,0,0,0,3,1,1,1,1,1,2,2,1,3,0,0,0,0,0,0,3,1,2,2,2,2,2,2,1,3,0,0,0,0,0,3,1,2,2,3,3,3,3,2,2,1,3,0,0,0,0,3,2,3,3,1,1,1,1,3,3,2,3,0,0,0,0,3,2,3,1,3,1,1,3,1,3,2,3,0,0,0,0,0,3,1,2,3,1,1,3,2,1,3,0,0,0,0,0,0,3,1,1,1,1,1,1,1,1,3,0,0,0,0,0,0,0,3,2,1,1,1,1,2,3,0,0,0,0,0,0,0,3,3,2,3,3,3,3,2,3,3,0,0,0,0,0,3,1,2,3,3,3,2,2,3,2,1,3,0,0,0,0,3,1,1,3,3,3,2,2,3,1,1,3,0,0,0,0,0,3,3,2,3,3,3,3,2,3,3,0,0,0,0,0,0,3,3,3,3,0,0,3,3,3,3,0,0,0]},"properties":{"width":2,"height":2,"depth":8,"data":[0,0,0,0]}},{"anchor":{"x":8,"y":8},"pixels":{"width":16,"height":16,"depth":2,"data":[0,0,0,0,0,0,0,0,0,0,0,0,0,0,0,0,0,0,0,0,0,3,3,0,0,0,0,0,0,0,0,0,0,0,0,3,3,1,1,3,3,3,3,3,0,0,0,0,0,0,0,3,1,1,1,1,1,1,1,1,3,0,0,0,0,0,0,3,1,2,2,1,1,1,1,1,3,0,0,0,0,0,3,1,1,2,2,2,2,2,2,1,1,3,0,0,0,0,3,1,2,2,2,2,2,2,2,2,1,3,0,0,0,0,3,2,2,2,2,2,2,2,2,2,2,3,0,0,0,0,0,3,2,2,2,2,2,2,2,2,3,0,0,0,0,0,0,3,2,2,2,2,2,2,2,2,3,0,0,0,0,0,0,0,3,2,2,2,2,2,2,3,0,0,0,0,0,0,0,3,3,3,3,3,3,3,3,3,3,0,0,0,0,0,3,1,2,3,3,3,2,2,3,2,1,3,0,0,0,0,3,1,1,3,3,3,2,2,3,1,1,3,0,0,0,0,0,3,3,2,3,3,3,3,2,3,3,0,0,0,0,0,0,3,3,3,3,0,0,3,3,3,3,0,0,0]},"properties":{"width":2,"height":2,"depth":8,"data":[0,0,0,0]}},{"anchor":{"x":8,"y":8},"pixels":{"width":16,"height":16,"depth":2,"data":[0,0,0,0,0,0,0,0,0,0,0,0,0,0,0,0,0,0,0,0,0,3,3,0,0,0,0,0,0,0,0,0,0,0,0,0,3,1,1,3,3,3,3,3,0,0,0,0,0,0,0,3,1,2,2,1,1,1,1,1,3,0,0,0,0,0,0,3,1,2,2,2,2,2,2,1,3,0,0,0,0,0,3,1,2,2,2,2,2,3,2,2,1,3,0,0,0,0,3,2,2,2,2,2,3,1,3,2,2,3,0,0,0,0,3,2,2,2,2,3,1,3,1,3,3,3,0,0,0,0,0,3,2,2,3,1,2,3,1,1,3,0,0,0,0,0,0,3,2,3,1,1,1,1,1,1,3,0,0,0,0,0,0,0,3,2,1,1,1,1,2,3,0,0,0,0,0,0,0,0,0,0,3,3,3,3,3,0,0,0,0,0,0,0,0,0,0,3,2,2,3,1,1,3,0,0,0,0,0,0,0,0,0,3,2,2,3,2,1,3,0,0,0,0,0,0,0,0,0,3,3,2,2,3,3,0,0,0,0,0,0,0,0,0,0,0,3,3,3,3,0,0,0,0,0,0]},"properties":{"width":2,"height":2,"depth":8,"data":[0,0,0,0]}},{"anchor":{"x":8,"y":8},"pixels":{"width":16,"height":16,"depth":2,"data":[0,0,0,0,0,0,0,0,0,0,0,0,0,0,0,0,0,0,0,0,0,0,0,0,0,3,3,0,0,0,0,0,0,0,0,0,3,3,3,3,3,1,1,3,0,0,0,0,0,0,0,3,1,1,1,1,1,2,2,1,3,0,0,0,0,0,0,3,1,2,2,2,2,2,2,1,3,0,0,0,0,0,3,1,2,2,3,2,2,2,2,2,1,3,0,0,0,0,3,2,2,3,1,3,2,2,2,2,2,3,0,0,0,0,3,3,3,1,3,1,3,2,2,2,2,3,0,0,0,0,0,3,1,1,3,2,1,3,2,2,3,0,0,0,0,0,0,3,1,1,1,1,1,1,3,2,3,0,0,0,0,0,0,0,3,2,1,1,1,1,2,3,0,0,0,0,0,0,0,0,0,3,3,3,3,3,0,0,0,0,0,0,0,0,0,0,3,1,1,3,2,2,3,0,0,0,0,0,0,0,0,0,3,1,2,3,2,2,3,0,0,0,0,0,0,0,0,0,0,3,3,2,2,3,3,0,0,0,0,0,0,0,0,0,0,0,3,3,3,3,0,0,0,0,0,0]},"properties":{"width":2,"height":2,"depth":8,"data":[0,0,0,0]}}]}}
</actor>
<actor page="1">
{"figure":0,"name":"Npc1","magnification":-1,"as_actor":true,"definition":{"enabled":true,"hidden":false,"pinned":false,"persistent":false,"following":false,"direction":0,"behaviour":"none","life_time":0,"initial_offset":0,"bounds":{"left":-8,"right":7,"top":-8,"bottom":7},"sprite_bank":0,"sprite_frames":0,"animation_interval":15,"animations":[{"begin":8,"end":8},{"begin":10,"end":10},{"begin":9,"end":9},{"begin":11,"end":11},{"begin":0,"end":1},{"begin":4,"end":5},{"begin":2,"end":3},{"begin":6,"end":7}],"move_speed":6,"collision_group":0},"frames":{"is_8x16":true,"count":12,"data":[{"anchor":{"x":8,"y":8},"pixels":{"width":16,"height":16,"depth":2,"data":[0,0,0,0,0,0,0,0,0,0,0,0,0,0,0,0,0,0,0,0,3,3,3,3,3,3,3,3,0,0,0,0,0,0,0,3,1,1,1,1,1,1,2,1,3,0,0,0,0,0,0,3,1,1,2,1,2,1,2,1,3,0,0,0,0,0,3,1,2,1,3,3,3,3,2,1,1,3,0,0,0,0,0,3,3,3,1,1,1,1,3,3,3,0,0,0,0,0,0,3,1,1,1,1,1,1,1,1,3,0,0,0,0,0,0,3,1,1,3,1,1,3,1,1,3,0,0,0,0,0,0,3,1,2,3,1,1,3,2,1,3,0,0,0,0,0,0,3,1,1,1,1,1,1,1,1,3,0,0,0,0,0,0,0,3,2,1,1,1,1,2,3,0,0,0,0,0,0,0,3,3,2,3,3,3,3,2,2,3,3,0,0,0,0,3,1,1,3,2,2,1,2,3,3,2,3,0,0,0,0,3,1,1,3,2,2,1,2,1,2,3,3,0,0,0,0,0,3,3,3,3,3,3,3,2,2,3,0,0,0,0,0,0,3,3,3,3,0,0,3,3,3,3,0,0,0]},"properties":{"width":2,"height":2,"depth":8,"data":[0,0,0,0]}},{"anchor":{"x":8,"y":8},"pixels":{"width":16,"height":16,"depth":2,"data":[0,0,0,0,0,0,0,0,0,0,0,0,0,0,0,0,0,0,0,0,3,3,3,3,3,3,3,3,0,0,0,0,0,0,0,3,1,1,1,1,1,1,2,1,3,0,0,0,0,0,0,3,1,1,2,1,2,1,2,1,3,0,0,0,0,0,3,1,2,1,3,3,3,3,2,1,1,3,0,0,0,0,0,3,3,3,1,1,1,1,3,3,3,0,0,0,0,0,0,3,1,1,1,1,1,1,1,1,3,0,0,0,0,0,0,3,1,1,3,1,1,3,1,1,3,0,0,0,0,0,0,3,1,2,3,1,1,3,2,1,3,0,0,0,0,0,0,3,1,1,1,1,1,1,1,1,3,0,0,0,0,0,0,0,3,2,1,1,1,1,2,3,0,0,0,0,0,0,3,3,2,2,3,3,3,3,2,3,3,0,0,0,0,0,3,2,3,3,2,2,1,2,3,1,1,3,0,0,0,0,3,3,1,2,3,2,1,2,3,1,1,3,0,0,0,0,0,3,2,2,3,3,3,3,3,3,3,0,0,0,0,0,0,3,3,3,3,0,0,3,3,3,3,0,0,0]},"properties":{"width":2,"height":2,"depth":8,"data":[0,0,0,0]}},{"anchor":{"x":8,"y":8},"pixels":{"width":16,"height":16,"depth":2,"data":[0,0,0,0,0,0,0,0,0,0,0,0,0,0,0,0,0,0,0,0,3,3,3,3,3,3,3,3,0,0,0,0,0,0,0,3,1,1,1,1,1,1,1,1,3,0,0,0,0,0,0,3,1,1,2,1,1,1,1,1,3,0,0,0,0,0,3,1,1,1,2,1,2,1,2,1,1,3,0,0,0,0,3,1,2,1,2,1,2,1,2,1,1,3,0,0,0,0,3,1,2,1,2,1,2,1,2,1,2,3,0,0,0,0,0,3,2,1,2,1,2,1,2,1,3,0,0,0,0,0,0,3,2,1,2,1,2,1,2,1,3,0,0,0,0,0,0,0,3,1,2,1,2,1,2,3,0,0,0,0,0,0,0,0,3,3,3,3,3,3,3,3,0,0,0,0,0,0,0,3,3,2,2,2,2,2,2,2,3,3,0,0,0,0,3,1,1,3,2,2,2,2,3,3,2,3,0,0,0,0,3,1,1,3,2,2,2,2,1,2,3,3,0,0,0,0,0,3,3,3,3,3,3,3,2,2,3,0,0,0,0,0,0,3,3,3,3,0,0,3,3,3,3,0,0,0]},"properties":{"width":2,"height":2,"depth":8,"data":[0,0,0,0]}},{"anchor":{"x":8,"y":8},"pixels":{"width":16,"height":16,"depth":2,"data":[0,0,0,0,0,0,0,0,0,0,0,0,0,0,0,0,0,0,0,0,3,3,3,3,3,3,3,3,0,0,0,0,0,0,0,3,1,1,1,1,1,1,1,1,3,0,0,0,0,0,0,3,1,1,2,1,1,1,1,1,3,0,0,0,0,0,3,1,1,1,2,1,2,1,2,1,1,3,0,0,0,0,3,1,2,1,2,1,2,1,2,1,1,3,0,0,0,0,3,1,2,1,2,1,2,1,2,1,2,3,0,0,0,0,0,3,2,1,2,1,2,1,2,1,3,0,0,0,0,0,0,3,2,1,2,1,2,1,2,1,3,0,0,0,0,0,0,0,3,1,2,1,2,1,2,3,0,0,0,0,0,0,0,0,3,3,3,3,3,3,3,3,0,0,0,0,0,0,3,3,2,2,2,2,2,2,2,3,3,0,0,0,0,0,3,2,3,3,2,2,2,2,3,1,1,3,0,0,0,0,3,3,1,2,3,2,2,2,3,1,1,3,0,0,0,0,0,3,2,2,3,3,3,3,3,3,3,0,0,0,0,0,0,3,3,3,3,0,0,3,3,3,3,0,0,0]},"properties":{"width":2,"height":2,"depth":8,"data":[0,0,0,0]}},{"anchor":{"x":8,"y":8},"pixels":{"width":16,"height":16,"depth":2,"data":[0,0,0,0,0,0,0,0,0,0,0,0,0,0,0,0,0,0,0,0,3,3,3,3,3,3,3,3,3,0,0,0,0,0,0,3,1,2,1,1,1,1,1,1,3,3,0,0,0,0,0,3,1,2,1,2,1,2,1,1,3,3,0,0,0,0,3,1,1,2,1,2,1,3,3,3,3,0,0,0,0,0,3,2,1,2,1,3,3,1,1,3,0,0,0,0,0,0,3,2,1,2,3,1,1,1,1,3,0,0,0,0,0,0,0,3,1,2,3,1,1,3,1,3,0,0,0,0,0,0,0,3,1,3,1,1,2,3,1,1,3,0,0,0,0,0,0,3,3,1,1,1,1,1,1,1,3,0,0,0,0,0,0,0,3,2,1,1,1,1,2,3,0,0,0,0,0,0,3,3,2,2,3,3,3,3,2,3,3,0,0,0,0,0,3,2,3,3,2,2,2,2,3,1,1,3,0,0,0,0,3,3,1,2,3,2,2,2,3,1,1,3,0,0,0,0,0,3,2,2,3,3,3,3,3,3,3,0,0,0,0,0,0,3,3,3,3,0,0,3,3,3,3,0,0,0]},"properties":{"width":2,"height":2,"depth":8,"data":[0,0,0,0]}},{"anchor":{"x":8,"y":8},"pixels":{"width":16,"height":16,"depth":2,"data":[0,0,0,0,0,0,0,0,0,0,0,0,0,0,0,0,0,0,0,0,3,3,3,3,3,3,3,3,3,0,0,0,0,0,0,3,1,2,1,1,1,1,1,1,3,3,0,0,0,0,0,3,1,2,1,2,1,2,1,1,3,3,0,0,0,0,3,1,1,2,1,2,1,3,3,3,3,0,0,0,0,0,3,2,1,2,1,3,3,1,1,3,0,0,0,0,0,0,3,2,1,2,3,1,1,1,1,3,0,0,0,0,0,0,0,3,1,2,3,1,1,3,1,3,0,0,0,0,0,0,0,3,1,3,1,1,2,3,1,1,3,0,0,0,0,0,0,3,3,1,1,1,1,1,1,1,3,0,0,0,0,0,0,0,3,2,1,1,1,1,2,3,0,0,0,0,0,0,0,3,3,2,3,3,3,3,2,2,3,3,0,0,0,0,3,1,1,3,2,2,2,1,3,3,2,3,0,0,0,0,3,1,1,3,2,2,2,1,1,2,3,3,0,0,0,0,0,3,3,3,3,3,3,3,2,2,3,0,0,0,0,0,0,3,3,3,3,0,0,3,3,3,3,0,0,0]},"properties":{"width":2,"height":2,"depth":8,"data":[0,0,0,0]}},{"anchor":{"x":8,"y":8},"pixels":{"width":16,"height":16,"depth":2,"data":[0,0,0,0,0,0,0,0,0,0,0,0,0,0,0,0,0,0,0,3,3,3,3,3,3,3,3,3,0,0,0,0,0,0,3,3,1,1,1,1,1,1,2,1,3,0,0,0,0,0,3,3,1,1,2,1,2,1,2,1,3,0,0,0,0,0,0,3,3,3,3,1,2,1,2,1,1,3,0,0,0,0,0,0,3,1,1,3,3,1,2,1,2,3,0,0,0,0,0,0,3,1,1,1,1,3,2,1,2,3,0,0,0,0,0,0,3,1,3,1,1,3,2,1,3,0,0,0,0,0,0,3,1,1,3,2,1,1,3,1,3,0,0,0,0,0,0,3,1,1,1,1,1,1,1,3,3,0,0,0,0,0,0,0,3,2,1,1,1,1,2,3,0,0,0,0,0,0,0,3,3,2,3,3,3,3,2,2,3,3,0,0,0,0,3,1,1,3,2,2,2,2,3,3,2,3,0,0,0,0,3,1,1,3,2,2,2,3,2,1,3,3,0,0,0,0,0,3,3,3,3,3,3,3,2,2,3,0,0,0,0,0,0,3,3,3,3,0,0,3,3,3,3,0,0,0]},"properties":{"width":2,"height":2,"depth":8,"data":[0,0,0,0]}},{"anchor":{"x":8,"y":8},"pixels":{"width":16,"height":16,"depth":2,"data":[0,0,0,0,0,0,0,0,0,0,0,0,0,0,0,0,0,0,0,3,3,3,3,3,3,3,3,3,0,0,0,0,0,0,3,3,1,1,1,1,1,1,2,1,3,0,0,0,0,0,3,3,1,1,2,1,2,1,2,1,3,0,0,0,0,0,0,3,3,3,3,1,2,1,2,1,1,3,0,0,0,0,0,0,3,1,1,3,3,1,2,1,2,3,0,0,0,0,0,0,3,1,1,1,1,3,2,1,2,3,0,0,0,0,0,0,3,1,3,1,1,3,2,1,3,0,0,0,0,0,0,3,1,1,3,2,1,1,3,1,3,0,0,0,0,0,0,3,1,1,1,1,1,1,1,3,3,0,0,0,0,0,0,0,3,2,1,1,1,1,2,3,0,0,0,0,0,0,3,3,2,2,3,3,3,3,2,3,3,0,0,0,0,0,3,2,3,3,1,2,2,2,3,1,1,3,0,0,0,0,3,3,2,1,1,2,2,2,3,1,1,3,0,0,0,0,0,3,2,2,3,3,3,3,3,3,3,0,0,0,0,0,0,3,3,3,3,0,0,3,3,3,3,0,0,0]},"properties":{"width":2,"height":2,"depth":8,"data":[0,0,0,0]}},{"anchor":{"x":8,"y":8},"pixels":{"width":16,"height":16,"depth":2,"data":[0,0,0,0,0,0,0,0,0,0,0,0,0,0,0,0,0,0,0,0,3,3,3,3,3,3,3,3,0,0,0,0,0,0,0,3,1,1,1,1,1,1,2,1,3,0,0,0,0,0,0,3,1,1,2,1,2,1,2,1,3,0,0,0,0,0,3,1,2,1,3,3,3,3,2,1,1,3,0,0,0,0,0,3,3,3,1,1,1,1,3,3,3,0,0,0,0,0,0,3,1,1,1,1,1,1,1,1,3,0,0,0,0,0,0,3,1,1,3,1,1,3,1,1,3,0,0,0,0,0,0,3,1,2,3,1,1,3,2,1,3,0,0,0,0,0,0,3,1,1,1,1,1,1,1,1,3,0,0,0,0,0,0,0,3,2,1,1,1,1,2,3,0,0,0,0,0,0,0,3,3,2,3,3,3,3,2,3,3,0,0,0,0,0,3,1,2,3,2,2,1,2,3,2,1,3,0,0,0,0,3,1,1,3,2,2,1,2,3,1,1,3,0,0,0,0,0,3,3,2,3,3,3,3,2,3,3,0,0,0,0,0,0,3,3,3,3,0,0,3,3,3,3,0,0,0]},"properties":{"width":2,"height":2,"depth":8,"data":[0,0,0,0]}},{"anchor":{"x":8,"y":8},"pixels":{"width":16,"height":16,"depth":2,"data":[0,0,0,0,0,0,0,0,0,0,0,0,0,0,0,0,0,0,0,0,3,3,3,3,3,3,3,3,0,0,0,0,0,0,0,3,1,1,1,1,1,1,1,1,3,0,0,0,0,0,0,3,1,1,2,1,1,1,1,1,3,0,0,0,0,0,3,1,1,1,2,1,2,1,2,1,1,3,0,0,0,0,3,1,2,1,2,1,2,1,2,1,1,3,0,0,0,0,3,1,2,1,2,1,2,1,2,1,2,3,0,0,0,0,0,3,2,1,2,1,2,1,2,1,3,0,0,0,0,0,0,3,2,1,2,1,2,1,2,1,3,0,0,0,0,0,0,0,3,1,2,1,2,1,2,3,0,0,0,0,0,0,0,0,3,3,3,3,3,3,3,3,0,0,0,0,0,0,0,3,3,2,2,1,2,2,2,3,3,0,0,0,0,0,3,1,2,3,2,1,2,2,3,2,1,3,0,0,0,0,3,1,1,3,2,1,2,2,3,1,1,3,0,0,0,0,0,3,3,2,3,3,3,3,2,3,3,0,0,0,0,0,0,3,3,3,3,0,0,3,3,3,3,0,0,0]},"properties":{"width":2,"height":2,"depth":8,"data":[0,0,0,0]}},{"anchor":{"x":8,"y":8},"pixels":{"width":16,"height":16,"depth":2,"data":[0,0,0,0,0,0,0,0,0,0,0,0,0,0,0,0,0,0,0,0,3,3,3,3,3,3,3,3,3,0,0,0,0,0,0,3,1,2,1,1,1,1,1,1,3,3,0,0,0,0,0,3,1,2,1,2,1,2,1,1,3,3,0,0,0,0,3,1,1,2,1,2,1,3,3,3,3,0,0,0,0,0,3,2,1,2,1,3,3,1,1,3,0,0,0,0,0,0,3,2,1,2,3,1,1,1,1,3,0,0,0,0,0,0,0,3,1,2,3,1,1,3,1,3,0,0,0,0,0,0,0,3,1,3,1,1,2,3,1,1,3,0,0,0,0,0,0,3,3,1,1,1,1,1,1,1,3,0,0,0,0,0,0,0,3,2,1,1,1,1,2,3,0,0,0,0,0,0,0,0,0,0,3,3,3,3,3,0,0,0,0,0,0,0,0,0,0,3,2,2,3,1,1,3,0,0,0,0,0,0,0,0,0,3,2,2,3,2,1,3,0,0,0,0,0,0,0,0,0,3,3,2,2,3,3,0,0,0,0,0,0,0,0,0,0,0,3,3,3,3,0,0,0,0,0,0]},"properties":{"width":2,"height":2,"depth":8,"data":[0,0,0,0]}},{"anchor":{"x":8,"y":8},"pixels":{"width":16,"height":16,"depth":2,"data":[0,0,0,0,0,0,0,0,0,0,0,0,0,0,0,0,0,0,0,3,3,3,3,3,3,3,3,3,0,0,0,0,0,0,3,3,1,1,1,1,1,1,2,1,3,0,0,0,0,0,3,3,1,1,2,1,2,1,2,1,3,0,0,0,0,0,0,3,3,3,3,1,2,1,2,1,1,3,0,0,0,0,0,0,3,1,1,3,3,1,2,1,2,3,0,0,0,0,0,0,3,1,1,1,1,3,2,1,2,3,0,0,0,0,0,0,3,1,3,1,1,3,2,1,3,0,0,0,0,0,0,3,1,1,3,2,1,1,3,1,3,0,0,0,0,0,0,3,1,1,1,1,1,1,1,3,3,0,0,0,0,0,0,0,3,2,1,1,1,1,2,3,0,0,0,0,0,0,0,0,0,3,3,3,3,3,0,0,0,0,0,0,0,0,0,0,3,1,1,3,2,2,3,0,0,0,0,0,0,0,0,0,3,1,2,3,2,2,3,0,0,0,0,0,0,0,0,0,0,3,3,2,2,3,3,0,0,0,0,0,0,0,0,0,0,0,3,3,3,3,0,0,0,0,0,0]},"properties":{"width":2,"height":2,"depth":8,"data":[0,0,0,0]}}]}}
</actor>
<actor page="2">
{"figure":0,"name":"Coin","magnification":-1,"as_actor":true,"definition":{"enabled":true,"hidden":false,"pinned":false,"persistent":false,"following":false,"direction":0,"behaviour":"none","life_time":0,"initial_offset":0,"bounds":{"left":-8,"right":7,"top":-8,"bottom":7},"sprite_bank":0,"sprite_frames":0,"animation_interval":15,"animations":[{"begin":0,"end":0},{"begin":0,"end":0},{"begin":0,"end":0},{"begin":0,"end":0},{"begin":0,"end":0},{"begin":0,"end":0},{"begin":0,"end":0},{"begin":0,"end":0}],"move_speed":16,"collision_group":1},"frames":{"is_8x16":true,"count":1,"data":[{"anchor":{"x":8,"y":8},"pixels":{"width":16,"height":16,"depth":2,"data":[0,0,0,0,2,2,2,2,2,2,2,2,0,0,0,0,0,0,0,2,1,1,1,1,1,1,1,1,2,0,0,0,0,0,2,1,1,2,2,2,2,2,2,1,1,2,0,0,0,2,1,1,2,1,1,1,1,1,1,2,1,1,2,0,2,1,1,2,1,1,1,1,1,1,1,1,2,1,1,2,2,1,2,1,1,1,1,1,1,1,1,1,1,2,1,2,2,1,2,1,1,1,2,1,1,2,1,1,1,2,1,2,2,1,2,1,1,1,2,1,1,2,1,1,1,2,1,2,2,1,2,1,1,1,2,1,1,2,1,1,1,2,1,2,2,1,2,1,1,1,2,1,1,2,1,1,1,2,1,2,2,1,2,1,1,1,1,1,1,1,1,1,1,2,1,2,2,1,1,2,1,1,1,1,1,1,1,1,2,1,1,2,0,2,1,1,2,1,1,1,1,1,1,2,1,1,2,0,0,0,2,1,1,2,2,2,2,2,2,1,1,2,0,0,0,0,0,2,1,1,1,1,1,1,1,1,2,0,0,0,0,0,0,0,2,2,2,2,2,2,2,2,0,0,0,0]},"properties":{"width":2,"height":2,"depth":8,"data":[3,35,3,3]}}]}}
</actor>
<scene page="0">
{"ref_map":0,"layers":{"width":60,"height":60,"properties":[15,15,15,15,15,15,15,15,15,15,15,15,15,15,15,15,15,15,15,15,15,15,15,15,15,15,15,15,15,15,15,15,15,15,15,15,15,15,15,15,15,15,15,15,15,15,15,15,15,15,15,15,15,15,15,15,15,15,15,15,15,15,15,15,15,15,15,15,15,15,15,15,15,15,15,15,15,15,15,15,15,15,15,15,15,15,15,15,15,15,15,15,15,15,15,15,15,15,15,15,15,15,15,15,15,15,15,15,15,15,15,15,15,15,15,15,15,15,15,15,15,15,15,15,15,15,15,15,15,15,15,15,15,15,15,15,15,15,15,15,15,15,15,15,15,15,15,15,15,15,15,15,15,15,15,15,15,15,15,15,15,15,15,15,15,15,15,15,15,15,15,15,15,15,15,15,15,15,15,15,15,15,15,15,15,15,15,15,15,15,0,0,0,0,0,0,0,0,0,0,15,15,15,15,15,15,15,15,15,15,15,15,15,15,15,15,15,15,15,15,15,15,15,15,15,15,15,15,15,15,15,15,15,15,15,15,15,15,15,15,15,15,15,15,15,15,15,15,15,15,0,0,0,0,15,15,15,15,15,15,15,15,15,15,15,15,15,15,15,15,15,15,15,15,15,15,15,15,15,15,15,15,15,15,15,15,15,15,15,15,15,15,15,15,15,15,15,15,15,15,15,15,15,15,15,15,15,15,15,15,0,0,0,0,0,0,0,0,0,0,0,0,0,0,0,0,0,0,15,15,15,15,15,15,15,15,15,15,15,15,15,15,15,15,15,15,15,15,15,15,15,15,15,15,15,15,15,15,15,15,15,15,15,15,15,15,15,15,15,15,0,0,0,0,0,0,0,0,15,15,15,15,0,0,0,0,0,0,15,15,15,15,15,15,15,15,15,15,15,15,15,15,15,15,15,15,15,15,15,15,15,15,15,15,15,15,15,15,15,15,15,15,15,15,15,15,15,15,0,0,0,0,0,0,0,0,0,0,0,0,0,0,0,0,0,0,0,0,0,0,0,0,0,0,15,15,15,15,15,15,15,15,15,15,15,15,15,15,15,15,15,15,15,15,15,15,15,15,15,15,15,15,15,15,15,15,15,15,15,15,15,15,0,0,0,0,0,0,0,0,0,0,0,0,0,0,0,0,15,15,15,15,15,15,15,15,15,15,15,15,15,15,15,15,15,15,15,15,15,15,15,15,15,15,15,15,15,15,15,15,15,15,15,15,15,15,15,15,0,0,0,0,0,0,0,0,0,0,0,0,0,0,0,0,0,0,0,0,0,0,0,0,0,0,0,0,0,0,15,15,15,15,15,15,15,15,15,15,15,15,15,15,15,15,15,15,15,15,15,15,15,15,15,15,15,15,15,15,15,15,0,0,0,0,0,0,15,15,15,15,15,15,0,0,0,0,15,15,15,15,0,0,15,15,15,15,0,0,15,15,15,15,15,15,15,15,15,15,15,15,15,15,15,15,15,15,15,15,15,15,15,15,15,15,15,15,15,15,0,0,0,0,0,0,0,0,0,0,0,0,0,0,0,0,0,0,0,0,0,0,0,0,0,0,0,0,0,0,0,0,15,15,15,15,15,15,15,15,15,15,15,15,15,15,15,15,15,15,15,15,15,15,15,15,15,15,15,15,15,15,0,0,0,0,15,15,15,15,15,15,15,15,15,15,0,0,15,15,15,15,15,15,0,0,0,0,0,0,0,0,15,15,15,15,15,15,15,15,15,15,15,15,15,15,15,15,15,15,15,15,15,15,15,15,15,15,15,15,0,0,0,0,0,0,0,0,0,0,0,0,0,0,0,0,0,0,0,0,0,0,0,0,0,0,0,0,0,0,0,0,0,0,15,15,15,15,15,15,15,15,15,15,15,15,15,15,15,15,15,15,15,15,15,15,15,15,15,15,0,0,0,0,0,0,15,15,15,15,15,15,15,15,0,0,0,0,0,0,15,15,15,15,0,0,0,0,0,0,0,0,0,0,15,15,15,15,15,15,15,15,15,15,15,15,15,15,15,15,15,15,15,15,15,15,15,15,15,15,0,0,0,0,0,0,0,0,0,0,0,0,0,0,0,0,0,0,0,0,0,0,0,0,0,0,0,0,0,0,0,0,0,0,0,0,15,15,15,15,15,15,15,15,15,15,15,15,15,15,15,15,15,15,15,15,15,15,15,15,15,15,0,0,0,0,15,15,15,15,15,15,0,0,15,15,15,15,0,0,0,0,0,0,0,0,15,15,0,0,0,0,0,0,0,0,15,15,15,15,15,15,15,15,15,15,15,15,15,15,15,15,15,15,15,15,15,15,15,15,15,15,0,0,0,0,0,0,0,0,0,0,0,0,15,15,15,15,0,0,0,0,0,0,0,0,0,0,0,0,0,0,0,0,0,0,0,0,15,15,15,15,15,15,15,15,15,15,15,15,15,15,15,15,15,15,15,15,15,15,15,15,15,15,0,0,0,0,0,0,0,0,0,0,15,15,15,15,0,0,15,15,15,15,0,0,15,15,15,15,0,0,0,0,15,15,0,0,15,15,15,15,15,15,15,15,15,15,15,15,15,15,15,15,15,15,15,15,15,15,15,15,15,15,0,0,0,0,0,0,0,0,0,0,0,0,0,0,0,0,0,0,0,0,0,0,0,0,0,0,0,0,0,0,0,0,0,0,0,0,15,15,15,15,15,15,15,15,15,15,15,15,15,15,15,15,15,15,15,15,15,15,15,15,0,0,0,0,0,0,0,0,0,0,0,0,0,0,0,0,15,15,15,15,15,15,0,0,15,15,15,15,0,0,15,15,15,15,0,0,15,15,15,15,15,15,15,15,15,15,15,15,15,15,15,15,15,15,0,0,0,0,0,0,0,0,0,0,0,0,0,0,0,0,0,0,0,0,0,0,0,0,0,0,0,0,0,0,0,0,0,0,0,0,0,0,0,0,0,0,15,15,15,15,15,15,15,15,15,15,15,15,15,15,15,15,15,15,15,15,15,15,0,0,0,0,15,15,15,15,15,15,15,15,0,0,0,0,0,0,15,15,0,0,0,0,15,15,0,0,15,15,0,0,0,0,0,0,15,15,15,15,15,15,15,15,15,15,15,15,15,15,15,15,15,15,0,0,0,0,0,0,0,0,0,0,0,0,0,0,0,0,0,0,0,0,0,0,0,0,0,0,0,0,0,0,0,0,0,0,0,0,0,0,0,0,0,0,0,0,0,0,15,15,15,15,15,15,15,15,15,15,15,15,15,15,0,0,15,15,15,15,0,0,0,0,15,15,15,15,15,15,15,15,15,15,0,0,15,15,15,15,15,15,15,15,0,0,0,0,0,0,0,0,0,0,0,0,0,0,0,0,15,15,15,15,15,15,15,15,15,15,15,15,0,0,0,0,0,0,0,0,0,0,0,0,0,0,0,0,0,0,0,0,0,0,0,0,0,0,0,0,0,0,0,0,0,0,0,0,0,0,0,0,0,0,0,0,0,0,0,0,15,15,15,15,15,15,15,15,15,15,15,15,0,0,15,15,15,15,0,0,0,0,0,0,0,0,15,15,15,15,0,0,0,0,0,0,15,15,15,15,15,15,15,15,0,0,0,0,0,0,15,15,15,15,15,15,0,0,0,0,15,15,15,15,15,15,15,15,15,15,15,15,0,0,0,0,0,0,0,0,0,0,0,0,0,0,0,0,0,0,0,0,0,0,0,0,0,0,0,0,0,0,0,0,0,0,0,0,0,0,0,0,0,0,0,0,0,0,0,0,15,15,15,15,15,15,15,15,15,15,15,15,0,0,0,0,0,0,0,0,0,0,0,0,0,0,15,15,0,0,0,0,15,15,0,0,0,0,0,0,0,0,0,0,0,0,15,15,0,0,15,15,15,15,15,15,0,0,0,0,15,15,15,15,15,15,15,15,15,15,15,15,0,0,0,0,0,0,0,0,0,0,0,0,0,0,0,0,0,0,0,0,0,0,0,0,0,0,0,0,0,0,0,0,0,0,0,0,0,0,0,0,0,0,0,0,0,0,0,0,15,15,15,15,15,15,15,15,15,15,15,15,15,15,15,15,15,15,0,0,15,15,15,15,0,0,0,0,0,0,15,15,15,15,0,0,0,0,0,0,0,0,0,0,0,0,0,0,15,15,0,0,15,15,15,15,0,0,0,0,15,15,15,15,15,15,15,15,15,15,15,15,15,15,15,15,15,15,0,0,0,0,0,0,0,0,0,0,0,0,0,0,0,0,0,0,0,0,0,0,0,0,0,0,0,0,0,0,0,0,0,0,0,0,0,0,0,0,0,0,15,15,15,15,15,15,15,15,15,15,15,15,15,15,15,15,15,15,15,15,15,15,15,15,15,15,0,0,0,0,15,15,15,15,0,0,0,0,0,0,0,0,0,0,0,0,0,0,0,0,0,0,0,0,0,0,0,0,0,0,15,15,15,15,15,15,15,15,15,15,15,15,15,15,15,15,15,15,15,15,15,15,15,15,0,0,0,0,0,0,0,0,0,0,0,0,0,0,0,0,0,0,0,0,0,0,0,0,0,0,0,0,0,0,0,0,0,0,0,0,15,15,15,15,15,15,15,15,15,15,15,15,15,15,15,15,15,15,15,15,15,15,15,15,15,15,0,0,0,0,0,0,0,0,0,0,0,0,0,0,0,0,0,0,0,0,0,0,0,0,0,0,0,0,0,0,0,0,0,0,15,15,15,15,15,15,15,15,15,15,15,15,15,15,15,15,15,15,15,15,15,15,15,15,0,0,0,0,0,0,0,0,0,0,0,0,0,0,0,0,0,0,0,0,0,0,0,0,0,0,0,0,0,0,0,0,0,0,0,0,0,0,15,15,15,15,15,15,15,15,15,15,15,15,15,15,15,15,15,15,15,15,15,15,15,15,0,0,0,0,0,0,15,15,15,15,0,0,0,0,15,15,15,15,0,0,0,0,0,0,0,0,15,15,0,0,0,0,0,0,0,0,15,15,15,15,15,15,15,15,15,15,15,15,15,15,15,15,15,15,15,15,15,15,0,0,0,0,0,0,0,0,0,0,0,0,0,0,0,0,15,15,15,15,0,0,0,0,0,0,0,0,0,0,0,0,0,0,0,0,0,0,15,15,15,15,15,15,15,15,15,15,15,15,15,15,15,15,15,15,15,15,15,15,0,0,0,0,0,0,15,15,15,15,0,0,0,0,15,15,15,15,15,15,15,15,15,15,0,0,0,0,0,0,15,15,15,15,0,0,0,0,15,15,15,15,15,15,15,15,15,15,15,15,15,15,15,15,15,15,15,15,15,15,0,0,0,0,0,0,0,0,0,0,0,0,0,0,15,15,15,15,15,15,15,15,15,15,0,0,0,0,0,0,0,0,0,0,0,0,0,0,0,0,15,15,15,15,15,15,15,15,15,15,15,15,15,15,15,15,15,15,15,15,15,15,0,0,0,0,0,0,0,0,0,0,15,15,15,15,15,15,15,15,15,15,15,15,15,15,15,15,0,0,0,0,0,0,0,0,0,0,0,0,15,15,15,15,15,15,15,15,15,15,15,15,15,15,15,15,15,15,15,15,0,0,0,0,0,0,0,0,0,0,0,0,15,15,15,15,15,15,15,15,15,15,15,15,15,15,15,15,0,0,0,0,0,0,0,0,0,0,0,0,0,0,15,15,15,15,15,15,15,15,15,15,15,15,15,15,15,15,15,15,0,0,0,0,0,0,0,0,15,15,15,15,15,15,15,15,15,15,15,15,15,15,15,15,15,15,15,15,15,15,15,15,15,15,0,0,0,0,0,0,0,0,15,15,15,15,15,15,15,15,15,15,15,15,15,15,0,0,0,0,0,0,0,0,0,0,0,0,15,15,15,15,15,15,15,15,15,15,15,15,15,15,15,15,15,15,15,15,15,15,15,15,15,15,0,0,0,0,0,0,0,0,0,0,15,15,15,15,15,15,15,15,15,15,15,15,0,0,15,15,15,15,0,0,0,0,15,15,15,15,15,15,15,15,15,15,15,15,15,15,15,15,15,15,15,15,15,15,15,15,15,15,15,15,15,15,15,15,0,0,0,0,15,15,15,15,15,15,15,15,15,15,15,15,0,0,0,0,0,0,0,0,0,0,0,0,15,15,15,15,15,15,15,15,15,15,15,15,15,15,15,15,15,15,15,15,15,15,15,15,15,15,15,15,15,15,15,15,0,0,0,0,0,0,15,15,15,15,15,15,15,15,15,15,0,0,15,15,15,15,0,0,0,0,0,0,15,15,15,15,15,15,15,15,15,15,15,15,15,15,15,15,15,15,15,15,15,15,15,15,15,15,15,15,15,15,15,15,15,15,0,0,0,0,15,15,15,15,15,15,15,15,15,15,0,0,0,0,0,0,0,0,0,0,0,0,15,15,15,15,15,15,15,15,15,15,15,15,15,15,15,15,15,15,15,15,15,15,15,15,15,15,15,15,15,15,15,15,0,0,0,0,0,0,15,15,15,15,15,15,15,15,15,15,0,0,0,0,0,0,0,0,15,15,0,0,15,15,15,15,15,15,15,15,15,15,15,15,15,15,15,15,15,15,15,15,15,15,15,15,15,15,15,15,15,15,15,15,0,0,0,0,15,15,15,15,15,15,15,15,15,15,15,15,0,0,0,0,0,0,0,0,0,0,0,0,15,15,15,15,15,15,15,15,15,15,15,15,15,15,15,15,15,15,15,15,15,15,15,15,15,15,15,15,15,15,15,15,0,0,0,0,0,0,15,15,15,15,15,15,15,15,15,15,0,0,0,0,0,0,15,15,0,0,15,15,15,15,15,15,15,15,15,15,15,15,15,15,15,15,15,15,15,15,15,15,15,15,15,15,15,15,15,15,15,15,15,15,15,15,0,0,15,15,15,15,15,15,15,15,15,15,15,15,0,0,0,0,0,0,0,0,0,0,15,15,15,15,15,15,15,15,15,15,15,15,15,15,15,15,15,15,15,15,15,15,15,15,15,15,15,15,15,15,15,15,15,15,15,15,0,0,15,15,15,15,15,15,15,15,15,15,15,15,15,15,15,15,15,15,15,15,15,15,15,15,15,15,15,15,15,15,15,15,15,15,15,15,15,15,15,15,15,15,15,15,15,15,15,15,15,15,15,15,15,15,15,15,15,15,15,15,15,15,15,15,15,15,15,15,15,15,15,15,15,15,15,15,15,15,15,15,15,15,15,15,15,15,15,15,15,15,15,15,15,15,15,15,15,15,15,15,15,15,15,15,15,15,15,15,15,15,15,15,15,15,15,15,15,15,15,15,15,15,15,15,15,15,15,15,15,15,15,15,15,15,15,15,15,15,15,15,15,15,15,15,15,15,15,15,15,15,15,15,15,15,15,15,15,15,15,15,15,15,15,15,15,15,15,15,15,15,15,15,15,15,15,15,15,15,15,15,15,15,15,15,15,15,15,15,15,15,15,15,15,15,15,15,15,15,15,15,15,15,15,15,15,15,15,15,15,15,15,15,15,15,15,15,15,15,15,15,15,15,15,15,15,15,15,15,15,15,15,15,15,15,15,15,15,15,15,15,15,15,15,15,15,15,15,15,15,15,15,15,15,15,15,15,15,15,15,15,15,15,15,15,15,15,15,15,15,15,15,15,15,15,15,15,15,15,15,15,15,15,15,15,15,15,15,15,15,15,15,15,15,15,15,15,15,15,15,15,15,15,15,15,15,15,15,15,15,15,15,15,15,15,15,15,15,15,15,15,15,15,15,15,15,15,15,15,15,15,15,15,15,15,15,15,15,15,15,15,15,15,15,15,15,15,15,15,15,15,15,15,15,15,15,15,15,15,15,15,15,15,15,15,15,15,15,15,15,15,15,15,15,15,15,15,15,15,15,15,15,15,15,15,15,15,15,15,15,15,15,15,15,15,15,15,15,15,15,15,15,15,15,15,15,15,15,15,15,15,15,15,15,15,15,15,15,15,15,15,15,15,15,15,15,15,15,15,15,15,15,15,15,15,15,15,15,15,15,15,15,15,15,15,15,15,15,15,15,15,15,15,15,15,15,15,15,15,15,15,15,15,15,15,15,15,15,15,15,15,15,15,15,15,15,15,15,15,15,15,15,15,15,15],"actors":[255,255,255,255,255,255,255,255,255,255,255,255,255,255,255,255,255,255,255,255,255,255,255,255,255,255,255,255,255,255,255,255,255,255,255,255,255,255,255,255,255,255,255,255,255,255,255,255,255,255,255,255,255,255,255,255,255,255,255,255,255,255,255,255,255,255,255,255,255,255,255,255,255,255,255,255,255,255,255,255,255,255,255,255,255,255,255,255,255,255,255,255,255,255,255,255,255,255,255,255,255,255,255,255,255,255,255,255,255,255,255,255,255,255,255,255,255,255,255,255,255,255,255,255,255,255,255,255,255,255,255,255,255,255,255,255,255,255,255,255,255,255,255,255,255,255,255,255,255,255,255,255,255,255,255,255,255,255,255,255,255,255,255,255,255,255,255,255,255,255,255,255,255,255,255,255,255,255,255,255,255,255,255,255,255,255,255,255,255,255,255,255,255,255,255,255,255,255,255,255,255,255,255,255,255,255,255,255,255,255,255,255,255,255,255,255,255,255,255,255,255,255,255,255,255,255,255,255,255,255,255,255,255,255,255,255,255,255,255,255,255,255,255,255,255,255,255,255,255,255,255,255,255,255,255,255,255,255,255,255,255,255,255,255,255,255,255,255,255,255,255,255,255,255,255,255,255,255,255,255,255,255,255,255,255,255,255,255,255,255,255,255,255,255,255,255,255,255,255,255,255,255,255,255,255,255,255,255,255,255,255,255,255,255,255,255,255,255,255,255,255,255,255,255,255,255,255,255,255,255,255,255,255,255,255,255,255,255,255,255,255,255,255,255,255,255,255,255,255,255,255,255,255,255,255,255,255,255,255,255,255,255,255,255,255,255,255,255,255,255,255,255,255,255,255,255,255,255,255,255,255,255,255,255,255,255,255,255,255,255,255,255,255,255,255,255,255,255,255,255,255,255,255,255,255,255,255,255,255,255,255,255,255,255,255,255,255,255,255,255,255,255,255,255,255,255,255,255,255,255,255,255,255,255,255,255,255,255,255,255,255,255,255,255,255,255,255,255,255,255,255,255,255,255,255,255,255,255,255,255,255,255,255,255,255,255,255,255,255,255,255,255,255,255,255,255,255,255,255,255,255,255,255,255,255,255,255,255,255,255,255,255,255,255,255,255,255,255,255,255,255,255,255,255,255,255,255,255,255,255,255,255,255,255,255,255,255,255,255,255,255,255,255,255,255,255,255,255,255,255,255,255,255,255,255,255,255,255,255,255,255,255,255,255,255,255,255,255,255,255,255,255,255,255,255,255,255,255,255,255,255,255,255,255,255,255,255,255,255,255,255,255,255,255,255,255,255,255,255,255,255,255,255,255,255,255,255,255,255,255,255,255,255,255,255,255,255,255,255,255,255,255,255,255,255,255,255,255,255,255,255,255,255,255,255,255,255,255,255,255,255,255,255,255,255,255,255,255,255,255,255,255,255,255,255,255,255,255,255,255,255,255,255,255,255,255,255,255,255,255,255,255,255,255,255,255,255,255,255,255,255,255,255,255,255,255,255,255,255,255,255,255,255,255,255,255,255,255,255,255,255,255,255,255,255,255,255,255,255,255,255,255,255,255,255,255,255,255,255,255,255,255,255,255,255,255,255,255,255,255,255,255,255,255,255,255,255,255,255,255,255,255,255,255,255,255,255,255,255,255,255,255,255,255,255,255,255,255,255,255,255,255,255,255,255,255,255,255,255,255,255,255,255,255,255,255,255,255,255,255,255,255,255,255,255,255,255,255,255,255,255,255,255,255,255,255,255,255,255,255,255,255,255,255,255,255,255,255,255,255,255,255,255,255,255,255,255,255,255,255,255,255,255,255,255,255,255,255,255,255,255,255,255,255,255,255,255,255,255,255,255,255,255,255,255,255,255,255,255,255,255,255,255,255,255,255,255,255,255,255,255,255,255,255,255,255,255,255,255,255,255,255,255,255,255,255,255,255,255,255,255,255,255,255,255,255,255,255,255,255,255,255,255,255,255,255,255,255,255,255,255,255,255,255,255,255,255,255,255,255,255,255,255,255,255,255,255,255,255,255,255,255,255,255,255,255,255,255,255,255,255,255,255,255,255,255,255,255,255,255,255,255,255,255,255,255,255,255,255,255,255,255,255,255,255,255,255,255,255,255,255,255,255,255,255,255,255,255,255,255,255,255,255,255,255,255,255,255,255,255,255,255,255,255,255,255,255,255,255,255,255,255,255,255,255,255,255,255,255,255,255,255,255,255,255,255,255,255,255,255,255,255,255,255,255,255,255,255,255,255,255,255,255,255,255,255,255,255,255,255,255,255,255,255,255,255,255,255,255,255,255,255,255,255,255,255,255,255,255,255,255,255,255,255,255,255,255,255,255,255,255,255,255,255,255,255,255,255,255,255,255,255,255,255,255,255,255,255,255,255,255,255,255,255,255,255,255,255,255,255,255,255,255,255,255,255,255,255,255,255,255,255,255,255,255,255,255,255,255,255,255,255,255,255,255,255,255,255,255,255,255,255,255,255,255,255,255,255,255,255,255,255,255,255,255,255,255,255,255,255,255,255,255,255,255,255,255,255,255,255,255,255,255,255,255,255,255,255,255,255,255,255,255,255,255,255,255,255,255,255,255,255,255,255,255,255,255,255,255,255,255,255,255,255,255,255,255,255,255,255,255,255,255,255,255,255,255,255,255,255,255,255,255,255,255,255,255,255,255,255,255,255,255,255,255,255,255,255,255,255,255,255,255,255,255,255,255,255,255,255,255,255,255,255,255,255,255,255,255,255,255,255,255,255,255,255,255,255,255,255,255,255,255,255,255,255,255,255,255,255,255,255,255,255,255,255,255,255,255,255,255,255,255,255,255,255,255,255,255,255,255,255,255,255,255,255,255,255,255,255,255,255,255,255,255,255,255,255,255,255,255,255,255,255,255,255,255,255,255,255,255,255,255,255,255,255,255,255,255,255,255,255,255,255,255,255,255,255,255,255,255,255,255,255,255,255,255,255,255,255,255,255,255,255,255,255,255,255,255,255,255,255,255,255,255,255,255,255,255,255,255,255,255,255,255,255,255,255,255,255,255,255,255,255,255,255,255,255,255,255,255,255,255,255,255,255,255,255,255,255,255,255,255,255,255,255,255,255,255,255,255,255,255,255,255,255,255,255,255,255,255,255,255,255,255,255,255,255,255,255,255,255,255,255,255,255,255,255,255,255,255,255,255,255,255,255,255,255,255,255,255,255,255,255,255,255,255,255,255,255,255,255,255,255,255,255,255,255,255,255,255,255,255,255,255,255,255,255,255,255,255,255,255,255,255,255,255,255,255,255,255,255,255,255,255,255,255,255,255,255,255,255,255,255,255,255,255,255,255,255,255,255,255,255,255,255,255,255,255,255,255,255,255,255,255,255,255,255,255,255,255,255,255,255,255,255,255,255,255,255,255,255,255,255,255,255,255,255,255,255,255,255,255,255,255,255,255,255,255,255,255,255,255,255,255,255,255,255,255,255,255,255,255,255,255,255,255,255,255,255,255,255,255,255,255,255,255,255,255,255,255,255,255,255,255,255,255,255,255,255,255,255,255,255,255,255,255,255,255,255,255,255,255,255,255,255,255,255,255,255,255,255,255,255,255,255,255,255,255,255,255,255,255,255,255,255,255,255,255,255,255,255,255,255,255,255,255,255,255,255,255,255,255,255,255,255,255,255,255,255,255,255,255,255,255,255,255,255,255,255,255,255,255,255,255,255,255,255,255,255,255,255,255,255,255,255,255,255,255,255,255,255,255,255,255,255,255,255,255,255,255,255,255,255,255,255,255,255,255,255,255,255,255,255,255,255,255,255,255,255,255,255,255,255,255,255,255,255,255,255,255,255,255,255,255,255,255,255,255,255,255,255,255,255,255,255,255,255,255,255,255,255,255,255,255,255,255,255,255,255,255,255,255,255,255,255,255,255,255,255,255,255,255,255,255,255,255,255,255,255,255,255,255,255,255,255,255,255,255,255,255,255,255,255,255,255,255,255,255,255,255,255,255,255,255,255,255,255,255,255,255,255,255,255,255,255,255,255,255,255,255,255,255,255,255,255,255,255,255,255,255,255,255,255,255,255,255,255,255,255,255,255,255,255,255,255,255,255,255,255,255,255,255,255,255,255,255,255,255,255,255,255,255,255,255,255,255,255,255,255,255,255,255,255,255,255,255,255,255,255,255,255,255,255,255,255,255,255,255,255,255,255,255,255,255,255,255,255,255,255,255,255,255,255,255,255,255,255,255,255,255,255,255,255,255,255,255,255,255,255,255,255,255,255,255,255,255,255,255,255,255,255,255,255,255,255,255,255,255,255,255,255,255,255,255,255,255,255,255,255,255,255,255,255,255,255,255,255,255,255,255,255,255,255,255,255,255,255,255,255,255,255,255,255,255,255,255,255,255,255,255,255,255,255,255,255,255,255,255,255,255,255,255,255,255,255,255,255,255,255,255,255,255,255,255,255,255,255,255,255,255,255,255,255,255,255,255,255,255,255,255,255,255,255,255,255,255,255,255,255,255,255,255,255,255,255,255,255,255,255,255,255,255,255,255,255,255,255,255,255,255,255,255,255,255,255,255,255,255,255,255,255,255,255,255,255,255,255,255,255,255,255,255,255,255,255,255,255,255,255,255,255,255,255,255,255,255,255,255,255,255,255,255,255,255,255,255,255,255,255,255,255,255,255,255,255,255,255,255,255,255,255,255,255,255,255,255,255,255,255,255,255,255,255,255,255,255,255,255,255,255,255,255,255,255,255,255,255,255,255,255,255,255,255,255,255,255,255,255,255,255,255,255,255,255,255,255,255,255,255,255,255,255,255,255,255,255,255,255,255,255,255,255,255,255,255,255,255,255,255,255,255,255,255,255,255,255,255,255,255,255,255,255,255,255,255,255,255,255,255,255,255,255,255,255,255,255,255,255,255,255,255,255,255,255,255,255,255,255,255,255,255,255,255,255,255,255,255,255,255,255,255,255,255,255,255,255,255,255,255,255,255,255,255,255,255,255,255,255,255,255,255,255,255,255,255,255,255,255,255,255,255,255,255,255,255,255,255,255,255,255,255,255,255,255,255,255,255,255,255,255,255,255,255,255,255,255,255,255,255,255,255,255,255,255,255,255,255,255,255,255,255,255,255,255,255,255,255,255,255,255,255,255,255,255,255,255,255,255,255,255,255,255,255,255,255,255,255,255,255,255,255,255,255,255,255,255,255,255,255,255,255,255,255,255,255,255,255,255,255,255,255,255,255,255,255,255,255,255,255,255,255,255,255,255,255,255,255,255,255,255,255,255,255,255,255,255,255,255,255,255,255,255,255,255,255,255,255,255,255,255,255,255,255,255,255,255,255,255,255,255,255,255,255,255,255,255,255,255,255,255,255,255,255,255,255,255,255,255,255,255,255,255,255,255,255,255,255,255,255,255,255,255,255,255,255,255,255,255,255,255,255,255,255,255,255,255,255,255,255,255,255,255,255,255,255,255,255,255,255,255,255,255,255,255,255,255,255,255,255,255,255,255,255,255,255,255,255,255,255,255,255,255,255,255,255,255,255,255,255,255,255,255,255,255,255,255,255,255,255,255,255,255,255,255,255,255,255,255,255,255,255,255,255,255,255,255,255,255,255,255,255,255,255,255,255,255,255,255,255,255,255,255,255,255,255,255,255,255,255,255,255,255,255,255,255,255,255,255,255,255,255,255,255,255,255,255,255,255,255,255,255,255,255,255,255,255,255,255,255,255,255,255,255,255,255,255,255,255,255,255,255,255,255,255,255,255,255,255,255,255,255,255,255,255,255,255,255,255,255,255,255,255,255,255,255,255,255,255,255,255,255,255,255,255,255,255,255,255,255,255,255,255,255,255,255,255,255,255,255,255,255,255,255,255,255,255,255,255,255,255,255,255,255,255,255,255,255,255,255,255,255,255,255,255,255,255,255,255,255,255,255,255,255,255,255,255,255,255,255,255,255,255,255,255,255,255,255,255,255,255,255,255,255,255,255,255,255,255,255,255,255,255,255,255,255,255,255,255,255,255,255,255,255,255,255,255,255,255,255,255,255,255,255,255,255,255,255,255,255,255,255,255,255,255,255,255,255,255,255,255,255,255,255,255,255,255,255,255,255,255,255,255,255,255,255,255,255,255,255,255,255,255,255,255,255,255,255,255,255,255,255,255,255,255,255,255,255,255,255,255,255,255,255,255,255,255,255,255,255,255,255,255,255,255,255,255,255,255,255,255,255,255,255,255,255,255,255,255,255,255,255,255,255,255,255,255,255,255,255,255,255,255,255,255,255,255,255,255,255,255,255,255,255,255,255,255,255,255,255,255,255,255,255,255,255,255,255,255,255,255,255,255,255,255,255,255,255,255,255,255,255,255,255,255,255,255,255,255,255,255,255,255,255,255,255,255,255,255,255,255,255,255,255,255,255,255,255,255,255,255,255,255,255,255,255,255,255,255,255,255,255,255,255,255,255,255,255,255,255,255,255,255,255,255,255,255,255,255,255,255,255,255,255,255,255,255,255,255,255,255,255,255,255,255,255,255,255,255,255,255,255,255,255,255,255,255,255,255,255,255,255,255,255,255,255,255,255,255,255,255,255,255,255,255,255,255,255,255,255,255,255,255,255,255,255,255,255,255,255,255,255,255,255,255,255,255,255,255,255,255,255,255,255,255,255,255,255,255,255,255,255,255,255,255,255,255,255,255,255,255,255,255,255,255,255,255,255,255,255,255,255,255,255,255,255,255,255,255,255,255,255,255,255,255,255,255,255,255,255,255,255,255,255,255,255,255,255,255,255,255,255,255,255,255,255,255,255,255,255,255,255,255,255,255,255,255,255,255,255,255,255,255,255,255,255,255,255,255,255,255,255,255,255,255,255,255,255,255,255,255,255,255,255,255,255,255,255,255,255,255,255,255,255,255,255,255,255,255,255,255,255,255,255,255,255,255,255,255,255,255,255,255,255,255,255,255,255,255,255,255,255,255,255,255,255,255,255,255,255,255,255,255,255,255,255,255,255,255,255,255,255,255,255,255,255,255,255,255,255,255,255,255,255,255,255,255,255,255,255,255,255,255,255,255,255,255,255,255,255,255,255,255,255,255,255,255,255,255,255,255,255,255,255,255,255,255,255,255,255,255,255,255,255,255,255,255,255,255,255,255,255,255,255,255,255,255,255,255,255,255,255,255,255,255,255,255,255,255,255,255,255,255,255,255,255,255,255,255,255,255,255,255,255,255,255,255,255,255,255,255,255,255,255,255,255,255,255,255,255,255,255,255,255,255,255,255,255,255,255,255,255,255,255,255,255,255,255,255,255,255,255,255,255,255,255,255,255,255,255,255,255,255,255,255,255,255,255,255,255,255,255,255,255,255,255,255,255,255,255,255,255,255,255,255,255,255,255,255,255,255,255,255,255,255,255,255,255,255,255,255,255,255,255,255,255,255,255,255,255,255,255,255,255,255,255,255,255,255,255,255,255,255,255,255,255,255,255,255,255,255,255,255,255,255,255,255,255,255,255,255,255,255,255,255,255,255,255,255,255,255,255,255,255,255,255,255,255,255,255,255,255,255,255,255,255,255,255,255,255,255,255,255,255,255,255,255,255,255,255,255,255,255,255,255,255,255,255,255,255,255,255,255,255,255,255,255,255,255,255,255,255,255,255,255,255,255,255,255,255,255,255,255,255,255,255,255,255,255,255,255,255,255,255,255,255,255,255,255,255,255,255,255,255,255,255,255,255,255,255,255,255,255,255,255,255,255,255,255,255,255,255,255,255,255,255,255,255,255,255,255,255,255,255,255,255,255,255,255,255,255,255,255,255,255,255,255,255,255,255,255,255,255,255,255,255,255,255,255,255,255,255,255,255,255,255,255,255,255,255,255,255,255,255,255,255,255,255,255,255,255,255,255,255,255,255,255,255,255,255,255,255,255,255,255,255,255,255,255,255,255,255,255,255,255,255,255,255,255,255,255,255,255,255,255,255,255,255,255,255,255,255,255,255,255,255,255,255,255,255,255,255,255,255,255,255,255,255,255,255,255,255,255,255,255,255,255,255,255,255,255,255,255,255,255,255,255,255,255,255,255,255,255,255,255,255,255,255,255,255,255,255,255,255,255,255,255,255,255,255],"triggers":[],"has_attributes":true,"has_properties":true,"has_actors":true,"has_triggers":false},"name":"Scene0","magnification":-1,"definition":{"is_16x16_grid":false,"gravity":0,"jump_gravity":0,"jump_max_count":0,"jump_max_ticks":0,"climb_velocity":0,"camera_position":{"x":200,"y":128},"camera_deadzone":{"x":0,"y":0}},"actor_routine_overridings":null}
</scene>
</program>
